21.375 119.55 0
21.425 119.55 0
21.475 119.55 0
21.525 119.55 0
21.575 119.55 0
21.625 119.55 0
21.675 119.55 0
21.725 119.55 0
21.775 119.55 0
21.825 119.55 0
21.875 119.55 0
21.925 119.55 0
21.975 119.55 0
22.025 119.55 0
22.075 119.55 0
22.125 119.55 0
22.175 119.55 0
22.225 119.55 0
22.275 119.55 0
22.325 119.55 0
22.375 119.55 0
22.425 119.55 0
22.475 119.55 0
22.525 119.55 0
22.575 119.55 0
22.625 119.55 0
22.675 119.55 0
22.725 119.55 0
22.775 119.55 0
22.825 119.55 0
22.875 119.55 0
22.925 119.55 0
22.975 119.55 0
23.025 119.55 0
23.075 119.55 0
23.125 119.55 0
23.175 119.55 0
23.225 119.55 0
23.275 119.55 0
23.325 119.55 0
23.375 119.55 0
23.425 119.55 0
23.475 119.55 0
23.525 119.55 0
23.575 119.55 0
23.625 119.55 0
23.675 119.55 0
23.725 119.55 0
23.775 119.55 0
23.825 119.55 0
23.875 119.55 0
23.925 119.55 0
23.975 119.55 0
24.025 119.55 0
24.075 119.55 0
24.125 119.55 0
24.175 119.55 0
24.225 119.55 0
24.275 119.55 0
24.325 119.55 0
24.375 119.55 0
24.425 119.55 0
24.475 119.55 0
24.525 119.55 0
24.575 119.55 0
24.625 119.55 0
24.675 119.55 0
24.725 119.55 0
24.775 119.55 0
24.825 119.55 0
24.875 119.55 0
24.925 119.55 0
24.975 119.55 0
25.025 119.55 0
25.075 119.55 0
25.125 119.55 0
25.175 119.55 0
25.225 119.55 0
25.275 119.55 0
25.325 119.55 0
25.375 119.55 0
25.425 119.55 0
25.475 119.55 0
25.525 119.55 0
21.375 119.6 0
21.425 119.6 0
21.475 119.6 0
21.525 119.6 0
21.575 119.6 0
21.625 119.6 0
21.675 119.6 0
21.725 119.6 0
21.775 119.6 0
21.825 119.6 0
21.875 119.6 0
21.925 119.6 0
21.975 119.6 0
22.025 119.6 0
22.075 119.6 0
22.125 119.6 0
22.175 119.6 0
22.225 119.6 0
22.275 119.6 0
22.325 119.6 0
22.375 119.6 0
22.425 119.6 0
22.475 119.6 0
22.525 119.6 0
22.575 119.6 0
22.625 119.6 0
22.675 119.6 0
22.725 119.6 0
22.775 119.6 0
22.825 119.6 0
22.875 119.6 0
22.925 119.6 0
22.975 119.6 0
23.025 119.6 0
23.075 119.6 0
23.125 119.6 0
23.175 119.6 0
23.225 119.6 0
23.275 119.6 0
23.325 119.6 0
23.375 119.6 0
23.425 119.6 0
23.475 119.6 0
23.525 119.6 0
23.575 119.6 0
23.625 119.6 0
23.675 119.6 0
23.725 119.6 0
23.775 119.6 0
23.825 119.6 0
23.875 119.6 0
23.925 119.6 0
23.975 119.6 0
24.025 119.6 0
24.075 119.6 0
24.125 119.6 0
24.175 119.6 0
24.225 119.6 0
24.275 119.6 0
24.325 119.6 0
24.375 119.6 0
24.425 119.6 0
24.475 119.6 0
24.525 119.6 0
24.575 119.6 0
24.625 119.6 0
24.675 119.6 0
24.725 119.6 0
24.775 119.6 0
24.825 119.6 0
24.875 119.6 0
24.925 119.6 0
24.975 119.6 0
25.025 119.6 0
25.075 119.6 0
25.125 119.6 0
25.175 119.6 0
25.225 119.6 0
25.275 119.6 0
25.325 119.6 0
25.375 119.6 0
25.425 119.6 0
25.475 119.6 0
25.525 119.6 0
21.375 119.65 0
21.425 119.65 0
21.475 119.65 0
21.525 119.65 0
21.575 119.65 0
21.625 119.65 0
21.675 119.65 0
21.725 119.65 0
21.775 119.65 0
21.825 119.65 0
21.875 119.65 0
21.925 119.65 0
21.975 119.65 0
22.025 119.65 0
22.075 119.65 0
22.125 119.65 0
22.175 119.65 0
22.225 119.65 0
22.275 119.65 0
22.325 119.65 0
22.375 119.65 0
22.425 119.65 0
22.475 119.65 0
22.525 119.65 0
22.575 119.65 0
22.625 119.65 0
22.675 119.65 0
22.725 119.65 0
22.775 119.65 0
22.825 119.65 0
22.875 119.65 0
22.925 119.65 0
22.975 119.65 0
23.025 119.65 0
23.075 119.65 0
23.125 119.65 0
23.175 119.65 0
23.225 119.65 0
23.275 119.65 0
23.325 119.65 0
23.375 119.65 0
23.425 119.65 0
23.475 119.65 0
23.525 119.65 0
23.575 119.65 0
23.625 119.65 0
23.675 119.65 0
23.725 119.65 0
23.775 119.65 0
23.825 119.65 0
23.875 119.65 0
23.925 119.65 0
23.975 119.65 0
24.025 119.65 0
24.075 119.65 0
24.125 119.65 0
24.175 119.65 0
24.225 119.65 0
24.275 119.65 0
24.325 119.65 0
24.375 119.65 0
24.425 119.65 0
24.475 119.65 0
24.525 119.65 0
24.575 119.65 0
24.625 119.65 0
24.675 119.65 0
24.725 119.65 0
24.775 119.65 0
24.825 119.65 0
24.875 119.65 0
24.925 119.65 0
24.975 119.65 0
25.025 119.65 0
25.075 119.65 0
25.125 119.65 0
25.175 119.65 0
25.225 119.65 0
25.275 119.65 0
25.325 119.65 0
25.375 119.65 0
25.425 119.65 0
25.475 119.65 0
25.525 119.65 0
21.375 119.7 0
21.425 119.7 0
21.475 119.7 0
21.525 119.7 0
21.575 119.7 0
21.625 119.7 0
21.675 119.7 0
21.725 119.7 0
21.775 119.7 0
21.825 119.7 0
21.875 119.7 0
21.925 119.7 0
21.975 119.7 0
22.025 119.7 0
22.075 119.7 0
22.125 119.7 0
22.175 119.7 0
22.225 119.7 0
22.275 119.7 0
22.325 119.7 0
22.375 119.7 0
22.425 119.7 0
22.475 119.7 0
22.525 119.7 0
22.575 119.7 0
22.625 119.7 0
22.675 119.7 0
22.725 119.7 0
22.775 119.7 0
22.825 119.7 0
22.875 119.7 0
22.925 119.7 0
22.975 119.7 0
23.025 119.7 0
23.075 119.7 0
23.125 119.7 0
23.175 119.7 0
23.225 119.7 0
23.275 119.7 0
23.325 119.7 0
23.375 119.7 0
23.425 119.7 0
23.475 119.7 0
23.525 119.7 0
23.575 119.7 0
23.625 119.7 0
23.675 119.7 0
23.725 119.7 0
23.775 119.7 0
23.825 119.7 0
23.875 119.7 0
23.925 119.7 0
23.975 119.7 0
24.025 119.7 0
24.075 119.7 0
24.125 119.7 0
24.175 119.7 0
24.225 119.7 0
24.275 119.7 0
24.325 119.7 0
24.375 119.7 0
24.425 119.7 0
24.475 119.7 0
24.525 119.7 0
24.575 119.7 0
24.625 119.7 0
24.675 119.7 0
24.725 119.7 0
24.775 119.7 0
24.825 119.7 0
24.875 119.7 0
24.925 119.7 0
24.975 119.7 0
25.025 119.7 0
25.075 119.7 0
25.125 119.7 0
25.175 119.7 0
25.225 119.7 0
25.275 119.7 0
25.325 119.7 0
25.375 119.7 0
25.425 119.7 0
25.475 119.7 0
25.525 119.7 0
21.375 119.75 0
21.425 119.75 0
21.475 119.75 0
21.525 119.75 0
21.575 119.75 0
21.625 119.75 0
21.675 119.75 0
21.725 119.75 0
21.775 119.75 0
21.825 119.75 0
21.875 119.75 0
21.925 119.75 0
21.975 119.75 0
22.025 119.75 0
22.075 119.75 0
22.125 119.75 0
22.175 119.75 0
22.225 119.75 0
22.275 119.75 0
22.325 119.75 0
22.375 119.75 0
22.425 119.75 0
22.475 119.75 0
22.525 119.75 0
22.575 119.75 0
22.625 119.75 0
22.675 119.75 0
22.725 119.75 0
22.775 119.75 0
22.825 119.75 0
22.875 119.75 0
22.925 119.75 0
22.975 119.75 0
23.025 119.75 0
23.075 119.75 0
23.125 119.75 0
23.175 119.75 0
23.225 119.75 0
23.275 119.75 0
23.325 119.75 0
23.375 119.75 0
23.425 119.75 0
23.475 119.75 0
23.525 119.75 0
23.575 119.75 0
23.625 119.75 0
23.675 119.75 0
23.725 119.75 0
23.775 119.75 0
23.825 119.75 0
23.875 119.75 0
23.925 119.75 0
23.975 119.75 0
24.025 119.75 0
24.075 119.75 0
24.125 119.75 0
24.175 119.75 0
24.225 119.75 0
24.275 119.75 0
24.325 119.75 0
24.375 119.75 0
24.425 119.75 0
24.475 119.75 0
24.525 119.75 0
24.575 119.75 0
24.625 119.75 0
24.675 119.75 0
24.725 119.75 0
24.775 119.75 0
24.825 119.75 0
24.875 119.75 0
24.925 119.75 0
24.975 119.75 0
25.025 119.75 0
25.075 119.75 0
25.125 119.75 0
25.175 119.75 0
25.225 119.75 0
25.275 119.75 0
25.325 119.75 0
25.375 119.75 0
25.425 119.75 0
25.475 119.75 0
25.525 119.75 0
21.375 119.8 0
21.425 119.8 0
21.475 119.8 0
21.525 119.8 0
21.575 119.8 0
21.625 119.8 0
21.675 119.8 0
21.725 119.8 0
21.775 119.8 0
21.825 119.8 0
21.875 119.8 0
21.925 119.8 0
21.975 119.8 0
22.025 119.8 0
22.075 119.8 0
22.125 119.8 0
22.175 119.8 0
22.225 119.8 0
22.275 119.8 0
22.325 119.8 0
22.375 119.8 0
22.425 119.8 0
22.475 119.8 0
22.525 119.8 0
22.575 119.8 0
22.625 119.8 0
22.675 119.8 0
22.725 119.8 0
22.775 119.8 0
22.825 119.8 0
22.875 119.8 0
22.925 119.8 0
22.975 119.8 0
23.025 119.8 0
23.075 119.8 0
23.125 119.8 0
23.175 119.8 0
23.225 119.8 0
23.275 119.8 0
23.325 119.8 0
23.375 119.8 0
23.425 119.8 0
23.475 119.8 0
23.525 119.8 0
23.575 119.8 0
23.625 119.8 0
23.675 119.8 0
23.725 119.8 0
23.775 119.8 0
23.825 119.8 0
23.875 119.8 0
23.925 119.8 0
23.975 119.8 0
24.025 119.8 0
24.075 119.8 0
24.125 119.8 0
24.175 119.8 0
24.225 119.8 0
24.275 119.8 0
24.325 119.8 0
24.375 119.8 0
24.425 119.8 0
24.475 119.8 0
24.525 119.8 0
24.575 119.8 0
24.625 119.8 0
24.675 119.8 0
24.725 119.8 0
24.775 119.8 0
24.825 119.8 0
24.875 119.8 0
24.925 119.8 0
24.975 119.8 0
25.025 119.8 0
25.075 119.8 0
25.125 119.8 0
25.175 119.8 0
25.225 119.8 0
25.275 119.8 0
25.325 119.8 0
25.375 119.8 0
25.425 119.8 0
25.475 119.8 0
25.525 119.8 0
21.375 119.85 0
21.425 119.85 0
21.475 119.85 0
21.525 119.85 0
21.575 119.85 0
21.625 119.85 0
21.675 119.85 0
21.725 119.85 0
21.775 119.85 0
21.825 119.85 0
21.875 119.85 0
21.925 119.85 0
21.975 119.85 0
22.025 119.85 0
22.075 119.85 0
22.125 119.85 0
22.175 119.85 0
22.225 119.85 0
22.275 119.85 0
22.325 119.85 0
22.375 119.85 0
22.425 119.85 0
22.475 119.85 0
22.525 119.85 0
22.575 119.85 0
22.625 119.85 0
22.675 119.85 0
22.725 119.85 0
22.775 119.85 0
22.825 119.85 0
22.875 119.85 0
22.925 119.85 0
22.975 119.85 0
23.025 119.85 0
23.075 119.85 0
23.125 119.85 0
23.175 119.85 0
23.225 119.85 0
23.275 119.85 0
23.325 119.85 0
23.375 119.85 0
23.425 119.85 0
23.475 119.85 0
23.525 119.85 0
23.575 119.85 0
23.625 119.85 0
23.675 119.85 0
23.725 119.85 0
23.775 119.85 0
23.825 119.85 0
23.875 119.85 0
23.925 119.85 0
23.975 119.85 0
24.025 119.85 0
24.075 119.85 0
24.125 119.85 0
24.175 119.85 0
24.225 119.85 0
24.275 119.85 0
24.325 119.85 0
24.375 119.85 0
24.425 119.85 0
24.475 119.85 0
24.525 119.85 0
24.575 119.85 0
24.625 119.85 0
24.675 119.85 0
24.725 119.85 0
24.775 119.85 0
24.825 119.85 0
24.875 119.85 0
24.925 119.85 0
24.975 119.85 0
25.025 119.85 0
25.075 119.85 0
25.125 119.85 0
25.175 119.85 0
25.225 119.85 0
25.275 119.85 0
25.325 119.85 0
25.375 119.85 0
25.425 119.85 0
25.475 119.85 0
25.525 119.85 0
21.375 119.9 0
21.425 119.9 0
21.475 119.9 0
21.525 119.9 0
21.575 119.9 0
21.625 119.9 0
21.675 119.9 0
21.725 119.9 0
21.775 119.9 0
21.825 119.9 0
21.875 119.9 0
21.925 119.9 0
21.975 119.9 0
22.025 119.9 0
22.075 119.9 0
22.125 119.9 0
22.175 119.9 0
22.225 119.9 0
22.275 119.9 0
22.325 119.9 0
22.375 119.9 0
22.425 119.9 0
22.475 119.9 0
22.525 119.9 0
22.575 119.9 0
22.625 119.9 0
22.675 119.9 0
22.725 119.9 0
22.775 119.9 0
22.825 119.9 0
22.875 119.9 0
22.925 119.9 0
22.975 119.9 0
23.025 119.9 0
23.075 119.9 0
23.125 119.9 0
23.175 119.9 0
23.225 119.9 0
23.275 119.9 0
23.325 119.9 0
23.375 119.9 0
23.425 119.9 0
23.475 119.9 0
23.525 119.9 0
23.575 119.9 0
23.625 119.9 0
23.675 119.9 0
23.725 119.9 0
23.775 119.9 0
23.825 119.9 0
23.875 119.9 0
23.925 119.9 0
23.975 119.9 0
24.025 119.9 0
24.075 119.9 0
24.125 119.9 0
24.175 119.9 0
24.225 119.9 0
24.275 119.9 0
24.325 119.9 0
24.375 119.9 0
24.425 119.9 0
24.475 119.9 0
24.525 119.9 0
24.575 119.9 0
24.625 119.9 0
24.675 119.9 0
24.725 119.9 0
24.775 119.9 0
24.825 119.9 0
24.875 119.9 0
24.925 119.9 0
24.975 119.9 0
25.025 119.9 0
25.075 119.9 0
25.125 119.9 0
25.175 119.9 0
25.225 119.9 0
25.275 119.9 0
25.325 119.9 0
25.375 119.9 0
25.425 119.9 0
25.475 119.9 0
25.525 119.9 0
21.375 119.95 0
21.425 119.95 0
21.475 119.95 0
21.525 119.95 0
21.575 119.95 0
21.625 119.95 0
21.675 119.95 0
21.725 119.95 0
21.775 119.95 0
21.825 119.95 0
21.875 119.95 0
21.925 119.95 0
21.975 119.95 0
22.025 119.95 0
22.075 119.95 0
22.125 119.95 0
22.175 119.95 0
22.225 119.95 0
22.275 119.95 0
22.325 119.95 0
22.375 119.95 0
22.425 119.95 0
22.475 119.95 0
22.525 119.95 0
22.575 119.95 0
22.625 119.95 0
22.675 119.95 0
22.725 119.95 0
22.775 119.95 0
22.825 119.95 0
22.875 119.95 0
22.925 119.95 0
22.975 119.95 0
23.025 119.95 0
23.075 119.95 0
23.125 119.95 0
23.175 119.95 0
23.225 119.95 0
23.275 119.95 0
23.325 119.95 0
23.375 119.95 0
23.425 119.95 0
23.475 119.95 0
23.525 119.95 0
23.575 119.95 0
23.625 119.95 0
23.675 119.95 0
23.725 119.95 0
23.775 119.95 0
23.825 119.95 0
23.875 119.95 0
23.925 119.95 0
23.975 119.95 0
24.025 119.95 0
24.075 119.95 0
24.125 119.95 0
24.175 119.95 0
24.225 119.95 0
24.275 119.95 0
24.325 119.95 0
24.375 119.95 0
24.425 119.95 0
24.475 119.95 0
24.525 119.95 0
24.575 119.95 0
24.625 119.95 0
24.675 119.95 0
24.725 119.95 0
24.775 119.95 0
24.825 119.95 0
24.875 119.95 0
24.925 119.95 0
24.975 119.95 0
25.025 119.95 0
25.075 119.95 0
25.125 119.95 0
25.175 119.95 0
25.225 119.95 0
25.275 119.95 0
25.325 119.95 0
25.375 119.95 0
25.425 119.95 0
25.475 119.95 0
25.525 119.95 0
21.375 120 0
21.425 120 0
21.475 120 0
21.525 120 0
21.575 120 0
21.625 120 0
21.675 120 0
21.725 120 0
21.775 120 0
21.825 120 0
21.875 120 0
21.925 120 0
21.975 120 0
22.025 120 0
22.075 120 0
22.125 120 0
22.175 120 0
22.225 120 0
22.275 120 0
22.325 120 0
22.375 120 0
22.425 120 0
22.475 120 0
22.525 120 0
22.575 120 0
22.625 120 0
22.675 120 0
22.725 120 0
22.775 120 0
22.825 120 0
22.875 120 0
22.925 120 0
22.975 120 0
23.025 120 0
23.075 120 0
23.125 120 0
23.175 120 0
23.225 120 0
23.275 120 0
23.325 120 0
23.375 120 0
23.425 120 0
23.475 120 0
23.525 120 0
23.575 120 0
23.625 120 0
23.675 120 0
23.725 120 0
23.775 120 0
23.825 120 0
23.875 120 0
23.925 120 0
23.975 120 0
24.025 120 0
24.075 120 0
24.125 120 0
24.175 120 0
24.225 120 0
24.275 120 0
24.325 120 0
24.375 120 0
24.425 120 0
24.475 120 0
24.525 120 0
24.575 120 0
24.625 120 0
24.675 120 0
24.725 120 0
24.775 120 0
24.825 120 0
24.875 120 0
24.925 120 0
24.975 120 0
25.025 120 0
25.075 120 0
25.125 120 0
25.175 120 0
25.225 120 0
25.275 120 0
25.325 120 0
25.375 120 0
25.425 120 0
25.475 120 0
25.525 120 0
21.375 120.05 0
21.425 120.05 0
21.475 120.05 0
21.525 120.05 0
21.575 120.05 0
21.625 120.05 0
21.675 120.05 0
21.725 120.05 0
21.775 120.05 0
21.825 120.05 0
21.875 120.05 0
21.925 120.05 0
21.975 120.05 0
22.025 120.05 0
22.075 120.05 0
22.125 120.05 0
22.175 120.05 0
22.225 120.05 0
22.275 120.05 0
22.325 120.05 0
22.375 120.05 0
22.425 120.05 0
22.475 120.05 0
22.525 120.05 0
22.575 120.05 0
22.625 120.05 0
22.675 120.05 0
22.725 120.05 0
22.775 120.05 0
22.825 120.05 0
22.875 120.05 0
22.925 120.05 0
22.975 120.05 0
23.025 120.05 0
23.075 120.05 3
23.125 120.05 0
23.175 120.05 0
23.225 120.05 0
23.275 120.05 0
23.325 120.05 0
23.375 120.05 0
23.425 120.05 0
23.475 120.05 0
23.525 120.05 0
23.575 120.05 0
23.625 120.05 0
23.675 120.05 0
23.725 120.05 0
23.775 120.05 0
23.825 120.05 0
23.875 120.05 0
23.925 120.05 0
23.975 120.05 0
24.025 120.05 0
24.075 120.05 0
24.125 120.05 0
24.175 120.05 0
24.225 120.05 0
24.275 120.05 0
24.325 120.05 0
24.375 120.05 0
24.425 120.05 0
24.475 120.05 0
24.525 120.05 0
24.575 120.05 0
24.625 120.05 0
24.675 120.05 0
24.725 120.05 0
24.775 120.05 0
24.825 120.05 0
24.875 120.05 0
24.925 120.05 0
24.975 120.05 0
25.025 120.05 0
25.075 120.05 0
25.125 120.05 0
25.175 120.05 0
25.225 120.05 0
25.275 120.05 0
25.325 120.05 0
25.375 120.05 0
25.425 120.05 0
25.475 120.05 0
25.525 120.05 0
21.375 120.1 0
21.425 120.1 0
21.475 120.1 0
21.525 120.1 0
21.575 120.1 0
21.625 120.1 0
21.675 120.1 0
21.725 120.1 0
21.775 120.1 0
21.825 120.1 0
21.875 120.1 0
21.925 120.1 0
21.975 120.1 0
22.025 120.1 0
22.075 120.1 0
22.125 120.1 0
22.175 120.1 0
22.225 120.1 0
22.275 120.1 0
22.325 120.1 0
22.375 120.1 0
22.425 120.1 0
22.475 120.1 0
22.525 120.1 0
22.575 120.1 0
22.625 120.1 0
22.675 120.1 0
22.725 120.1 0
22.775 120.1 0
22.825 120.1 0
22.875 120.1 0
22.925 120.1 0
22.975 120.1 0
23.025 120.1 1
23.075 120.1 4
23.125 120.1 1
23.175 120.1 3
23.225 120.1 2
23.275 120.1 2
23.325 120.1 0
23.375 120.1 0
23.425 120.1 0
23.475 120.1 0
23.525 120.1 0
23.575 120.1 0
23.625 120.1 0
23.675 120.1 0
23.725 120.1 0
23.775 120.1 0
23.825 120.1 0
23.875 120.1 0
23.925 120.1 0
23.975 120.1 0
24.025 120.1 0
24.075 120.1 0
24.125 120.1 0
24.175 120.1 0
24.225 120.1 0
24.275 120.1 0
24.325 120.1 0
24.375 120.1 0
24.425 120.1 0
24.475 120.1 0
24.525 120.1 0
24.575 120.1 0
24.625 120.1 0
24.675 120.1 0
24.725 120.1 0
24.775 120.1 0
24.825 120.1 0
24.875 120.1 0
24.925 120.1 0
24.975 120.1 0
25.025 120.1 0
25.075 120.1 0
25.125 120.1 0
25.175 120.1 0
25.225 120.1 0
25.275 120.1 0
25.325 120.1 0
25.375 120.1 0
25.425 120.1 0
25.475 120.1 0
25.525 120.1 0
21.375 120.15 0
21.425 120.15 0
21.475 120.15 0
21.525 120.15 0
21.575 120.15 0
21.625 120.15 0
21.675 120.15 0
21.725 120.15 0
21.775 120.15 0
21.825 120.15 0
21.875 120.15 0
21.925 120.15 0
21.975 120.15 0
22.025 120.15 0
22.075 120.15 0
22.125 120.15 0
22.175 120.15 0
22.225 120.15 0
22.275 120.15 0
22.325 120.15 0
22.375 120.15 0
22.425 120.15 0
22.475 120.15 0
22.525 120.15 0
22.575 120.15 0
22.625 120.15 0
22.675 120.15 0
22.725 120.15 0
22.775 120.15 0
22.825 120.15 0
22.875 120.15 0
22.925 120.15 0
22.975 120.15 0
23.025 120.15 14
23.075 120.15 10
23.125 120.15 12
23.175 120.15 9
23.225 120.15 5
23.275 120.15 5
23.325 120.15 1
23.375 120.15 2
23.425 120.15 3
23.475 120.15 2
23.525 120.15 1
23.575 120.15 3
23.625 120.15 3
23.675 120.15 3
23.725 120.15 0
23.775 120.15 0
23.825 120.15 0
23.875 120.15 0
23.925 120.15 0
23.975 120.15 0
24.025 120.15 0
24.075 120.15 0
24.125 120.15 0
24.175 120.15 0
24.225 120.15 0
24.275 120.15 0
24.325 120.15 0
24.375 120.15 0
24.425 120.15 0
24.475 120.15 0
24.525 120.15 0
24.575 120.15 0
24.625 120.15 0
24.675 120.15 0
24.725 120.15 0
24.775 120.15 0
24.825 120.15 0
24.875 120.15 0
24.925 120.15 0
24.975 120.15 0
25.025 120.15 0
25.075 120.15 0
25.125 120.15 0
25.175 120.15 0
25.225 120.15 0
25.275 120.15 0
25.325 120.15 0
25.375 120.15 0
25.425 120.15 0
25.475 120.15 0
25.525 120.15 0
21.375 120.2 0
21.425 120.2 0
21.475 120.2 0
21.525 120.2 0
21.575 120.2 0
21.625 120.2 0
21.675 120.2 0
21.725 120.2 0
21.775 120.2 0
21.825 120.2 0
21.875 120.2 0
21.925 120.2 0
21.975 120.2 0
22.025 120.2 0
22.075 120.2 0
22.125 120.2 0
22.175 120.2 0
22.225 120.2 0
22.275 120.2 0
22.325 120.2 0
22.375 120.2 0
22.425 120.2 0
22.475 120.2 0
22.525 120.2 0
22.575 120.2 0
22.625 120.2 0
22.675 120.2 0
22.725 120.2 0
22.775 120.2 0
22.825 120.2 3
22.875 120.2 4
22.925 120.2 9
22.975 120.2 24
23.025 120.2 21
23.075 120.2 23
23.125 120.2 22
23.175 120.2 19
23.225 120.2 12
23.275 120.2 7
23.325 120.2 6
23.375 120.2 5
23.425 120.2 4
23.475 120.2 3
23.525 120.2 4
23.575 120.2 5
23.625 120.2 4
23.675 120.2 5
23.725 120.2 4
23.775 120.2 3
23.825 120.2 0
23.875 120.2 0
23.925 120.2 0
23.975 120.2 0
24.025 120.2 0
24.075 120.2 0
24.125 120.2 0
24.175 120.2 0
24.225 120.2 0
24.275 120.2 0
24.325 120.2 0
24.375 120.2 0
24.425 120.2 0
24.475 120.2 0
24.525 120.2 0
24.575 120.2 0
24.625 120.2 0
24.675 120.2 0
24.725 120.2 0
24.775 120.2 0
24.825 120.2 0
24.875 120.2 0
24.925 120.2 0
24.975 120.2 0
25.025 120.2 0
25.075 120.2 0
25.125 120.2 0
25.175 120.2 0
25.225 120.2 0
25.275 120.2 0
25.325 120.2 0
25.375 120.2 0
25.425 120.2 0
25.475 120.2 0
25.525 120.2 0
21.375 120.25 0
21.425 120.25 0
21.475 120.25 0
21.525 120.25 0
21.575 120.25 0
21.625 120.25 0
21.675 120.25 0
21.725 120.25 0
21.775 120.25 0
21.825 120.25 0
21.875 120.25 0
21.925 120.25 0
21.975 120.25 0
22.025 120.25 0
22.075 120.25 0
22.125 120.25 0
22.175 120.25 0
22.225 120.25 0
22.275 120.25 0
22.325 120.25 0
22.375 120.25 0
22.425 120.25 0
22.475 120.25 0
22.525 120.25 0
22.575 120.25 0
22.625 120.25 0
22.675 120.25 0
22.725 120.25 13
22.775 120.25 11
22.825 120.25 12
22.875 120.25 19
22.925 120.25 13
22.975 120.25 13
23.025 120.25 31
23.075 120.25 34
23.125 120.25 28
23.175 120.25 25
23.225 120.25 23
23.275 120.25 20
23.325 120.25 10
23.375 120.25 12
23.425 120.25 7
23.475 120.25 7
23.525 120.25 7
23.575 120.25 10
23.625 120.25 8
23.675 120.25 9
23.725 120.25 9
23.775 120.25 6
23.825 120.25 3
23.875 120.25 0
23.925 120.25 0
23.975 120.25 0
24.025 120.25 0
24.075 120.25 0
24.125 120.25 0
24.175 120.25 0
24.225 120.25 0
24.275 120.25 0
24.325 120.25 0
24.375 120.25 0
24.425 120.25 0
24.475 120.25 0
24.525 120.25 0
24.575 120.25 0
24.625 120.25 0
24.675 120.25 0
24.725 120.25 0
24.775 120.25 0
24.825 120.25 0
24.875 120.25 0
24.925 120.25 0
24.975 120.25 0
25.025 120.25 0
25.075 120.25 0
25.125 120.25 0
25.175 120.25 0
25.225 120.25 0
25.275 120.25 0
25.325 120.25 0
25.375 120.25 0
25.425 120.25 0
25.475 120.25 0
25.525 120.25 0
21.375 120.3 0
21.425 120.3 0
21.475 120.3 0
21.525 120.3 0
21.575 120.3 0
21.625 120.3 0
21.675 120.3 0
21.725 120.3 0
21.775 120.3 0
21.825 120.3 0
21.875 120.3 0
21.925 120.3 0
21.975 120.3 0
22.025 120.3 0
22.075 120.3 0
22.125 120.3 0
22.175 120.3 0
22.225 120.3 0
22.275 120.3 0
22.325 120.3 0
22.375 120.3 0
22.425 120.3 0
22.475 120.3 0
22.525 120.3 0
22.575 120.3 4
22.625 120.3 14
22.675 120.3 37
22.725 120.3 15
22.775 120.3 11
22.825 120.3 9
22.875 120.3 19
22.925 120.3 29
22.975 120.3 70
23.025 120.3 62
23.075 120.3 48
23.125 120.3 42
23.175 120.3 38
23.225 120.3 42
23.275 120.3 32
23.325 120.3 27
23.375 120.3 14
23.425 120.3 13
23.475 120.3 11
23.525 120.3 13
23.575 120.3 11
23.625 120.3 14
23.675 120.3 13
23.725 120.3 10
23.775 120.3 9
23.825 120.3 9
23.875 120.3 8
23.925 120.3 0
23.975 120.3 0
24.025 120.3 0
24.075 120.3 0
24.125 120.3 0
24.175 120.3 0
24.225 120.3 0
24.275 120.3 0
24.325 120.3 0
24.375 120.3 0
24.425 120.3 0
24.475 120.3 0
24.525 120.3 0
24.575 120.3 0
24.625 120.3 0
24.675 120.3 0
24.725 120.3 0
24.775 120.3 0
24.825 120.3 0
24.875 120.3 0
24.925 120.3 0
24.975 120.3 0
25.025 120.3 0
25.075 120.3 0
25.125 120.3 0
25.175 120.3 0
25.225 120.3 0
25.275 120.3 0
25.325 120.3 0
25.375 120.3 0
25.425 120.3 0
25.475 120.3 0
25.525 120.3 0
21.375 120.35 0
21.425 120.35 0
21.475 120.35 0
21.525 120.35 0
21.575 120.35 0
21.625 120.35 0
21.675 120.35 0
21.725 120.35 0
21.775 120.35 0
21.825 120.35 0
21.875 120.35 0
21.925 120.35 0
21.975 120.35 0
22.025 120.35 0
22.075 120.35 0
22.125 120.35 0
22.175 120.35 0
22.225 120.35 0
22.275 120.35 0
22.325 120.35 0
22.375 120.35 0
22.425 120.35 0
22.475 120.35 0
22.525 120.35 8
22.575 120.35 10
22.625 120.35 15
22.675 120.35 48
22.725 120.35 33
22.775 120.35 73
22.825 120.35 159
22.875 120.35 30
22.925 120.35 78
22.975 120.35 74
23.025 120.35 74
23.075 120.35 70
23.125 120.35 71
23.175 120.35 57
23.225 120.35 65
23.275 120.35 48
23.325 120.35 39
23.375 120.35 23
23.425 120.35 20
23.475 120.35 19
23.525 120.35 19
23.575 120.35 16
23.625 120.35 16
23.675 120.35 18
23.725 120.35 17
23.775 120.35 14
23.825 120.35 13
23.875 120.35 13
23.925 120.35 8
23.975 120.35 4
24.025 120.35 0
24.075 120.35 0
24.125 120.35 0
24.175 120.35 0
24.225 120.35 0
24.275 120.35 0
24.325 120.35 0
24.375 120.35 0
24.425 120.35 0
24.475 120.35 0
24.525 120.35 0
24.575 120.35 0
24.625 120.35 0
24.675 120.35 0
24.725 120.35 0
24.775 120.35 0
24.825 120.35 0
24.875 120.35 0
24.925 120.35 0
24.975 120.35 0
25.025 120.35 0
25.075 120.35 0
25.125 120.35 0
25.175 120.35 0
25.225 120.35 0
25.275 120.35 0
25.325 120.35 0
25.375 120.35 0
25.425 120.35 0
25.475 120.35 0
25.525 120.35 0
21.375 120.4 0
21.425 120.4 0
21.475 120.4 0
21.525 120.4 0
21.575 120.4 0
21.625 120.4 0
21.675 120.4 0
21.725 120.4 0
21.775 120.4 0
21.825 120.4 0
21.875 120.4 0
21.925 120.4 0
21.975 120.4 0
22.025 120.4 0
22.075 120.4 0
22.125 120.4 0
22.175 120.4 0
22.225 120.4 0
22.275 120.4 0
22.325 120.4 0
22.375 120.4 0
22.425 120.4 0
22.475 120.4 0
22.525 120.4 48
22.575 120.4 28
22.625 120.4 16
22.675 120.4 119
22.725 120.4 97
22.775 120.4 148
22.825 120.4 140
22.875 120.4 111
22.925 120.4 146
22.975 120.4 126
23.025 120.4 74
23.075 120.4 241
23.125 120.4 99
23.175 120.4 112
23.225 120.4 150
23.275 120.4 196
23.325 120.4 81
23.375 120.4 42
23.425 120.4 27
23.475 120.4 24
23.525 120.4 24
23.575 120.4 25
23.625 120.4 23
23.675 120.4 22
23.725 120.4 25
23.775 120.4 23
23.825 120.4 20
23.875 120.4 18
23.925 120.4 14
23.975 120.4 10
24.025 120.4 4
24.075 120.4 0
24.125 120.4 0
24.175 120.4 0
24.225 120.4 0
24.275 120.4 0
24.325 120.4 0
24.375 120.4 0
24.425 120.4 0
24.475 120.4 0
24.525 120.4 0
24.575 120.4 0
24.625 120.4 0
24.675 120.4 0
24.725 120.4 0
24.775 120.4 0
24.825 120.4 0
24.875 120.4 0
24.925 120.4 0
24.975 120.4 0
25.025 120.4 0
25.075 120.4 0
25.125 120.4 0
25.175 120.4 0
25.225 120.4 0
25.275 120.4 0
25.325 120.4 0
25.375 120.4 0
25.425 120.4 0
25.475 120.4 0
25.525 120.4 0
21.375 120.45 0
21.425 120.45 0
21.475 120.45 0
21.525 120.45 0
21.575 120.45 0
21.625 120.45 0
21.675 120.45 0
21.725 120.45 0
21.775 120.45 0
21.825 120.45 0
21.875 120.45 0
21.925 120.45 0
21.975 120.45 0
22.025 120.45 0
22.075 120.45 0
22.125 120.45 0
22.175 120.45 0
22.225 120.45 0
22.275 120.45 0
22.325 120.45 0
22.375 120.45 0
22.425 120.45 0
22.475 120.45 8
22.525 120.45 6
22.575 120.45 12
22.625 120.45 16
22.675 120.45 24
22.725 120.45 29
22.775 120.45 79
22.825 120.45 197
22.875 120.45 96
22.925 120.45 92
22.975 120.45 111
23.025 120.45 113
23.075 120.45 117
23.125 120.45 73
23.175 120.45 202
23.225 120.45 193
23.275 120.45 182
23.325 120.45 132
23.375 120.45 76
23.425 120.45 45
23.475 120.45 48
23.525 120.45 82
23.575 120.45 40
23.625 120.45 35
23.675 120.45 31
23.725 120.45 30
23.775 120.45 30
23.825 120.45 30
23.875 120.45 23
23.925 120.45 14
23.975 120.45 12
24.025 120.45 9
24.075 120.45 7
24.125 120.45 7
24.175 120.45 0
24.225 120.45 0
24.275 120.45 0
24.325 120.45 0
24.375 120.45 0
24.425 120.45 0
24.475 120.45 0
24.525 120.45 0
24.575 120.45 0
24.625 120.45 0
24.675 120.45 0
24.725 120.45 0
24.775 120.45 0
24.825 120.45 0
24.875 120.45 0
24.925 120.45 0
24.975 120.45 0
25.025 120.45 0
25.075 120.45 0
25.125 120.45 0
25.175 120.45 0
25.225 120.45 0
25.275 120.45 0
25.325 120.45 0
25.375 120.45 0
25.425 120.45 0
25.475 120.45 0
25.525 120.45 0
21.375 120.5 0
21.425 120.5 0
21.475 120.5 0
21.525 120.5 0
21.575 120.5 0
21.625 120.5 0
21.675 120.5 0
21.725 120.5 0
21.775 120.5 0
21.825 120.5 0
21.875 120.5 0
21.925 120.5 0
21.975 120.5 0
22.025 120.5 0
22.075 120.5 0
22.125 120.5 0
22.175 120.5 0
22.225 120.5 0
22.275 120.5 0
22.325 120.5 0
22.375 120.5 0
22.425 120.5 3
22.475 120.5 7
22.525 120.5 9
22.575 120.5 12
22.625 120.5 21
22.675 120.5 31
22.725 120.5 35
22.775 120.5 41
22.825 120.5 45
22.875 120.5 98
22.925 120.5 115
22.975 120.5 128
23.025 120.5 526
23.075 120.5 203
23.125 120.5 264
23.175 120.5 292
23.225 120.5 500
23.275 120.5 849
23.325 120.5 541
23.375 120.5 166
23.425 120.5 107
23.475 120.5 121
23.525 120.5 104
23.575 120.5 123
23.625 120.5 49
23.675 120.5 42
23.725 120.5 37
23.775 120.5 39
23.825 120.5 37
23.875 120.5 30
23.925 120.5 23
23.975 120.5 15
24.025 120.5 12
24.075 120.5 11
24.125 120.5 11
24.175 120.5 3
24.225 120.5 4
24.275 120.5 0
24.325 120.5 0
24.375 120.5 0
24.425 120.5 0
24.475 120.5 0
24.525 120.5 0
24.575 120.5 0
24.625 120.5 0
24.675 120.5 0
24.725 120.5 0
24.775 120.5 0
24.825 120.5 0
24.875 120.5 0
24.925 120.5 0
24.975 120.5 0
25.025 120.5 0
25.075 120.5 0
25.125 120.5 0
25.175 120.5 0
25.225 120.5 0
25.275 120.5 0
25.325 120.5 0
25.375 120.5 0
25.425 120.5 0
25.475 120.5 0
25.525 120.5 0
21.375 120.55 0
21.425 120.55 0
21.475 120.55 0
21.525 120.55 0
21.575 120.55 0
21.625 120.55 0
21.675 120.55 0
21.725 120.55 0
21.775 120.55 0
21.825 120.55 0
21.875 120.55 0
21.925 120.55 0
21.975 120.55 0
22.025 120.55 0
22.075 120.55 0
22.125 120.55 0
22.175 120.55 0
22.225 120.55 0
22.275 120.55 0
22.325 120.55 0
22.375 120.55 0
22.425 120.55 17
22.475 120.55 20
22.525 120.55 27
22.575 120.55 16
22.625 120.55 31
22.675 120.55 49
22.725 120.55 56
22.775 120.55 53
22.825 120.55 73
22.875 120.55 67
22.925 120.55 446
22.975 120.55 240
23.025 120.55 248
23.075 120.55 688
23.125 120.55 358
23.175 120.55 999
23.225 120.55 516
23.275 120.55 372
23.325 120.55 864
23.375 120.55 472
23.425 120.55 228
23.475 120.55 174
23.525 120.55 240
23.575 120.55 186
23.625 120.55 128
23.675 120.55 70
23.725 120.55 49
23.775 120.55 60
23.825 120.55 49
23.875 120.55 38
23.925 120.55 28
23.975 120.55 24
24.025 120.55 99
24.075 120.55 55
24.125 120.55 124
24.175 120.55 195
24.225 120.55 30
24.275 120.55 8
24.325 120.55 17
24.375 120.55 0
24.425 120.55 0
24.475 120.55 0
24.525 120.55 0
24.575 120.55 0
24.625 120.55 0
24.675 120.55 0
24.725 120.55 0
24.775 120.55 0
24.825 120.55 0
24.875 120.55 0
24.925 120.55 0
24.975 120.55 0
25.025 120.55 0
25.075 120.55 0
25.125 120.55 0
25.175 120.55 0
25.225 120.55 0
25.275 120.55 0
25.325 120.55 0
25.375 120.55 0
25.425 120.55 0
25.475 120.55 0
25.525 120.55 0
21.375 120.6 0
21.425 120.6 0
21.475 120.6 0
21.525 120.6 0
21.575 120.6 0
21.625 120.6 0
21.675 120.6 0
21.725 120.6 0
21.775 120.6 0
21.825 120.6 0
21.875 120.6 0
21.925 120.6 0
21.975 120.6 0
22.025 120.6 0
22.075 120.6 0
22.125 120.6 0
22.175 120.6 0
22.225 120.6 0
22.275 120.6 0
22.325 120.6 0
22.375 120.6 24
22.425 120.6 69
22.475 120.6 60
22.525 120.6 70
22.575 120.6 29
22.625 120.6 47
22.675 120.6 74
22.725 120.6 83
22.775 120.6 71
22.825 120.6 94
22.875 120.6 243
22.925 120.6 299
22.975 120.6 474
23.025 120.6 680
23.075 120.6 454
23.125 120.6 510
23.175 120.6 468
23.225 120.6 670
23.275 120.6 924
23.325 120.6 601
23.375 120.6 1120
23.425 120.6 457
23.475 120.6 909
23.525 120.6 825
23.575 120.6 1246
23.625 120.6 378
23.675 120.6 223
23.725 120.6 232
23.775 120.6 86
23.825 120.6 284
23.875 120.6 199
23.925 120.6 209
23.975 120.6 218
24.025 120.6 144
24.075 120.6 27
24.125 120.6 93
24.175 120.6 187
24.225 120.6 232
24.275 120.6 198
24.325 120.6 80
24.375 120.6 29
24.425 120.6 0
24.475 120.6 0
24.525 120.6 0
24.575 120.6 0
24.625 120.6 0
24.675 120.6 0
24.725 120.6 0
24.775 120.6 0
24.825 120.6 0
24.875 120.6 0
24.925 120.6 0
24.975 120.6 0
25.025 120.6 0
25.075 120.6 0
25.125 120.6 0
25.175 120.6 0
25.225 120.6 0
25.275 120.6 0
25.325 120.6 0
25.375 120.6 0
25.425 120.6 0
25.475 120.6 0
25.525 120.6 0
21.375 120.65 0
21.425 120.65 0
21.475 120.65 0
21.525 120.65 0
21.575 120.65 0
21.625 120.65 0
21.675 120.65 0
21.725 120.65 0
21.775 120.65 0
21.825 120.65 0
21.875 120.65 0
21.925 120.65 0
21.975 120.65 0
22.025 120.65 0
22.075 120.65 0
22.125 120.65 0
22.175 120.65 0
22.225 120.65 0
22.275 120.65 297
22.325 120.65 466
22.375 120.65 335
22.425 120.65 384
22.475 120.65 869
22.525 120.65 455
22.575 120.65 813
22.625 120.65 880
22.675 120.65 989
22.725 120.65 640
22.775 120.65 739
22.825 120.65 724
22.875 120.65 512
22.925 120.65 1082
22.975 120.65 999
23.025 120.65 430
23.075 120.65 723
23.125 120.65 1260
23.175 120.65 1061
23.225 120.65 1017
23.275 120.65 659
23.325 120.65 605
23.375 120.65 862
23.425 120.65 1063
23.475 120.65 1267
23.525 120.65 955
23.575 120.65 626
23.625 120.65 592
23.675 120.65 371
23.725 120.65 164
23.775 120.65 117
23.825 120.65 257
23.875 120.65 239
23.925 120.65 105
23.975 120.65 89
24.025 120.65 66
24.075 120.65 32
24.125 120.65 72
24.175 120.65 119
24.225 120.65 160
24.275 120.65 148
24.325 120.65 166
24.375 120.65 76
24.425 120.65 36
24.475 120.65 3
24.525 120.65 0
24.575 120.65 0
24.625 120.65 0
24.675 120.65 0
24.725 120.65 0
24.775 120.65 0
24.825 120.65 0
24.875 120.65 0
24.925 120.65 0
24.975 120.65 0
25.025 120.65 0
25.075 120.65 0
25.125 120.65 0
25.175 120.65 0
25.225 120.65 0
25.275 120.65 0
25.325 120.65 0
25.375 120.65 0
25.425 120.65 0
25.475 120.65 0
25.525 120.65 0
21.375 120.7 0
21.425 120.7 0
21.475 120.7 0
21.525 120.7 0
21.575 120.7 0
21.625 120.7 0
21.675 120.7 0
21.725 120.7 0
21.775 120.7 0
21.825 120.7 0
21.875 120.7 0
21.925 120.7 0
21.975 120.7 72
22.025 120.7 23
22.075 120.7 10
22.125 120.7 204
22.175 120.7 627
22.225 120.7 344
22.275 120.7 509
22.325 120.7 1068
22.375 120.7 941
22.425 120.7 489
22.475 120.7 1319
22.525 120.7 1140
22.575 120.7 1215
22.625 120.7 1445
22.675 120.7 410
22.725 120.7 674
22.775 120.7 978
22.825 120.7 1273
22.875 120.7 1478
22.925 120.7 936
22.975 120.7 1349
23.025 120.7 1249
23.075 120.7 774
23.125 120.7 848
23.175 120.7 1606
23.225 120.7 1294
23.275 120.7 1055
23.325 120.7 1229
23.375 120.7 1470
23.425 120.7 1296
23.475 120.7 1643
23.525 120.7 1007
23.575 120.7 1134
23.625 120.7 1551
23.675 120.7 1106
23.725 120.7 725
23.775 120.7 244
23.825 120.7 298
23.875 120.7 185
23.925 120.7 180
23.975 120.7 148
24.025 120.7 180
24.075 120.7 76
24.125 120.7 88
24.175 120.7 148
24.225 120.7 201
24.275 120.7 203
24.325 120.7 185
24.375 120.7 257
24.425 120.7 193
24.475 120.7 66
24.525 120.7 100
24.575 120.7 38
24.625 120.7 0
24.675 120.7 0
24.725 120.7 0
24.775 120.7 0
24.825 120.7 0
24.875 120.7 0
24.925 120.7 0
24.975 120.7 0
25.025 120.7 0
25.075 120.7 0
25.125 120.7 0
25.175 120.7 0
25.225 120.7 0
25.275 120.7 0
25.325 120.7 0
25.375 120.7 0
25.425 120.7 0
25.475 120.7 0
25.525 120.7 0
21.375 120.75 0
21.425 120.75 0
21.475 120.75 0
21.525 120.75 0
21.575 120.75 0
21.625 120.75 0
21.675 120.75 0
21.725 120.75 0
21.775 120.75 0
21.825 120.75 0
21.875 120.75 0
21.925 120.75 0
21.975 120.75 195
22.025 120.75 174
22.075 120.75 213
22.125 120.75 446
22.175 120.75 615
22.225 120.75 587
22.275 120.75 733
22.325 120.75 994
22.375 120.75 1435
22.425 120.75 1005
22.475 120.75 1174
22.525 120.75 1791
22.575 120.75 2179
22.625 120.75 2413
22.675 120.75 1087
22.725 120.75 940
22.775 120.75 1762
22.825 120.75 1891
22.875 120.75 1058
22.925 120.75 748
22.975 120.75 1711
23.025 120.75 1077
23.075 120.75 1633
23.125 120.75 1186
23.175 120.75 1164
23.225 120.75 1819
23.275 120.75 2007
23.325 120.75 1354
23.375 120.75 2095
23.425 120.75 1261
23.475 120.75 1534
23.525 120.75 1903
23.575 120.75 1595
23.625 120.75 1766
23.675 120.75 1492
23.725 120.75 755
23.775 120.75 689
23.825 120.75 324
23.875 120.75 185
23.925 120.75 265
23.975 120.75 309
24.025 120.75 387
24.075 120.75 272
24.125 120.75 349
24.175 120.75 299
24.225 120.75 430
24.275 120.75 400
24.325 120.75 412
24.375 120.75 422
24.425 120.75 402
24.475 120.75 211
24.525 120.75 140
24.575 120.75 69
24.625 120.75 3
24.675 120.75 0
24.725 120.75 0
24.775 120.75 0
24.825 120.75 0
24.875 120.75 0
24.925 120.75 0
24.975 120.75 0
25.025 120.75 0
25.075 120.75 0
25.125 120.75 0
25.175 120.75 0
25.225 120.75 0
25.275 120.75 0
25.325 120.75 0
25.375 120.75 0
25.425 120.75 0
25.475 120.75 0
25.525 120.75 0
21.375 120.8 0
21.425 120.8 0
21.475 120.8 0
21.525 120.8 0
21.575 120.8 0
21.625 120.8 0
21.675 120.8 0
21.725 120.8 0
21.775 120.8 0
21.825 120.8 0
21.875 120.8 0
21.925 120.8 0
21.975 120.8 136
22.025 120.8 469
22.075 120.8 473
22.125 120.8 455
22.175 120.8 527
22.225 120.8 559
22.275 120.8 509
22.325 120.8 818
22.375 120.8 740
22.425 120.8 889
22.475 120.8 1340
22.525 120.8 1367
22.575 120.8 699
22.625 120.8 1245
22.675 120.8 1903
22.725 120.8 1166
22.775 120.8 1113
22.825 120.8 2078
22.875 120.8 1563
22.925 120.8 2178
22.975 120.8 2318
23.025 120.8 1467
23.075 120.8 2287
23.125 120.8 1536
23.175 120.8 1528
23.225 120.8 1096
23.275 120.8 1391
23.325 120.8 1947
23.375 120.8 1721
23.425 120.8 2173
23.475 120.8 2088
23.525 120.8 2342
23.575 120.8 2280
23.625 120.8 1957
23.675 120.8 1341
23.725 120.8 1179
23.775 120.8 732
23.825 120.8 545
23.875 120.8 473
23.925 120.8 710
23.975 120.8 436
24.025 120.8 500
24.075 120.8 635
24.125 120.8 924
24.175 120.8 653
24.225 120.8 453
24.275 120.8 383
24.325 120.8 449
24.375 120.8 595
24.425 120.8 300
24.475 120.8 129
24.525 120.8 160
24.575 120.8 80
24.625 120.8 48
24.675 120.8 0
24.725 120.8 0
24.775 120.8 0
24.825 120.8 0
24.875 120.8 0
24.925 120.8 0
24.975 120.8 0
25.025 120.8 0
25.075 120.8 0
25.125 120.8 0
25.175 120.8 0
25.225 120.8 0
25.275 120.8 0
25.325 120.8 0
25.375 120.8 0
25.425 120.8 0
25.475 120.8 0
25.525 120.8 0
21.375 120.85 0
21.425 120.85 0
21.475 120.85 0
21.525 120.85 0
21.575 120.85 0
21.625 120.85 0
21.675 120.85 0
21.725 120.85 0
21.775 120.85 0
21.825 120.85 0
21.875 120.85 0
21.925 120.85 0
21.975 120.85 90
22.025 120.85 360
22.075 120.85 330
22.125 120.85 373
22.175 120.85 327
22.225 120.85 412
22.275 120.85 240
22.325 120.85 316
22.375 120.85 522
22.425 120.85 717
22.475 120.85 1023
22.525 120.85 720
22.575 120.85 610
22.625 120.85 1356
22.675 120.85 1642
22.725 120.85 1823
22.775 120.85 1424
22.825 120.85 2224
22.875 120.85 2406
22.925 120.85 1866
22.975 120.85 2345
23.025 120.85 2925
23.075 120.85 2474
23.125 120.85 2480
23.175 120.85 2032
23.225 120.85 2454
23.275 120.85 1322
23.325 120.85 2350
23.375 120.85 2132
23.425 120.85 2289
23.475 120.85 2347
23.525 120.85 1563
23.575 120.85 1436
23.625 120.85 943
23.675 120.85 914
23.725 120.85 815
23.775 120.85 313
23.825 120.85 589
23.875 120.85 885
23.925 120.85 543
23.975 120.85 550
24.025 120.85 530
24.075 120.85 592
24.125 120.85 962
24.175 120.85 716
24.225 120.85 682
24.275 120.85 457
24.325 120.85 492
24.375 120.85 352
24.425 120.85 516
24.475 120.85 554
24.525 120.85 106
24.575 120.85 100
24.625 120.85 50
24.675 120.85 8
24.725 120.85 0
24.775 120.85 0
24.825 120.85 0
24.875 120.85 0
24.925 120.85 0
24.975 120.85 0
25.025 120.85 0
25.075 120.85 0
25.125 120.85 0
25.175 120.85 0
25.225 120.85 0
25.275 120.85 0
25.325 120.85 0
25.375 120.85 0
25.425 120.85 0
25.475 120.85 0
25.525 120.85 0
21.375 120.9 0
21.425 120.9 0
21.475 120.9 0
21.525 120.9 0
21.575 120.9 0
21.625 120.9 0
21.675 120.9 0
21.725 120.9 0
21.775 120.9 0
21.825 120.9 0
21.875 120.9 0
21.925 120.9 0
21.975 120.9 0
22.025 120.9 0
22.075 120.9 0
22.125 120.9 0
22.175 120.9 0
22.225 120.9 0
22.275 120.9 0
22.325 120.9 0
22.375 120.9 400
22.425 120.9 571
22.475 120.9 660
22.525 120.9 711
22.575 120.9 535
22.625 120.9 934
22.675 120.9 1270
22.725 120.9 2085
22.775 120.9 2173
22.825 120.9 1608
22.875 120.9 2066
22.925 120.9 1295
22.975 120.9 1829
23.025 120.9 2636
23.075 120.9 2344
23.125 120.9 2372
23.175 120.9 2844
23.225 120.9 3157
23.275 120.9 2073
23.325 120.9 1649
23.375 120.9 2447
23.425 120.9 3065
23.475 120.9 2444
23.525 120.9 1407
23.575 120.9 1729
23.625 120.9 1721
23.675 120.9 1616
23.725 120.9 1204
23.775 120.9 468
23.825 120.9 808
23.875 120.9 698
23.925 120.9 604
23.975 120.9 524
24.025 120.9 668
24.075 120.9 685
24.125 120.9 1093
24.175 120.9 825
24.225 120.9 1351
24.275 120.9 968
24.325 120.9 900
24.375 120.9 830
24.425 120.9 806
24.475 120.9 590
24.525 120.9 426
24.575 120.9 181
24.625 120.9 100
24.675 120.9 22
24.725 120.9 46
24.775 120.9 7
24.825 120.9 0
24.875 120.9 0
24.925 120.9 0
24.975 120.9 0
25.025 120.9 0
25.075 120.9 0
25.125 120.9 0
25.175 120.9 0
25.225 120.9 0
25.275 120.9 0
25.325 120.9 0
25.375 120.9 0
25.425 120.9 0
25.475 120.9 0
25.525 120.9 0
21.375 120.95 0
21.425 120.95 0
21.475 120.95 0
21.525 120.95 0
21.575 120.95 0
21.625 120.95 0
21.675 120.95 0
21.725 120.95 0
21.775 120.95 0
21.825 120.95 0
21.875 120.95 0
21.925 120.95 0
21.975 120.95 0
22.025 120.95 0
22.075 120.95 0
22.125 120.95 0
22.175 120.95 0
22.225 120.95 0
22.275 120.95 0
22.325 120.95 0
22.375 120.95 0
22.425 120.95 0
22.475 120.95 0
22.525 120.95 532
22.575 120.95 365
22.625 120.95 1018
22.675 120.95 1339
22.725 120.95 938
22.775 120.95 1855
22.825 120.95 1481
22.875 120.95 1343
22.925 120.95 2273
22.975 120.95 2481
23.025 120.95 2592
23.075 120.95 1891
23.125 120.95 2530
23.175 120.95 2041
23.225 120.95 2247
23.275 120.95 2941
23.325 120.95 2739
23.375 120.95 2301
23.425 120.95 3606
23.475 120.95 3399
23.525 120.95 2242
23.575 120.95 2728
23.625 120.95 2933
23.675 120.95 2400
23.725 120.95 2361
23.775 120.95 711
23.825 120.95 1625
23.875 120.95 743
23.925 120.95 480
23.975 120.95 455
24.025 120.95 840
24.075 120.95 919
24.125 120.95 1073
24.175 120.95 1366
24.225 120.95 2039
24.275 120.95 1368
24.325 120.95 1353
24.375 120.95 1262
24.425 120.95 1618
24.475 120.95 1062
24.525 120.95 733
24.575 120.95 459
24.625 120.95 112
24.675 120.95 145
24.725 120.95 40
24.775 120.95 58
24.825 120.95 10
24.875 120.95 105
24.925 120.95 0
24.975 120.95 0
25.025 120.95 0
25.075 120.95 0
25.125 120.95 0
25.175 120.95 0
25.225 120.95 0
25.275 120.95 0
25.325 120.95 0
25.375 120.95 0
25.425 120.95 0
25.475 120.95 0
25.525 120.95 0
21.375 121 0
21.425 121 0
21.475 121 0
21.525 121 0
21.575 121 0
21.625 121 0
21.675 121 0
21.725 121 0
21.775 121 0
21.825 121 0
21.875 121 0
21.925 121 0
21.975 121 0
22.025 121 0
22.075 121 0
22.125 121 0
22.175 121 0
22.225 121 0
22.275 121 0
22.325 121 0
22.375 121 0
22.425 121 0
22.475 121 0
22.525 121 0
22.575 121 0
22.625 121 351
22.675 121 315
22.725 121 958
22.775 121 762
22.825 121 1466
22.875 121 1043
22.925 121 1901
22.975 121 2492
23.025 121 1849
23.075 121 2380
23.125 121 1698
23.175 121 1177
23.225 121 2238
23.275 121 3076
23.325 121 3096
23.375 121 2747
23.425 121 3034
23.475 121 2826
23.525 121 2343
23.575 121 1994
23.625 121 1241
23.675 121 1029
23.725 121 1452
23.775 121 606
23.825 121 1386
23.875 121 1474
23.925 121 1229
23.975 121 628
24.025 121 1460
24.075 121 745
24.125 121 2044
24.175 121 1174
24.225 121 1857
24.275 121 2180
24.325 121 2003
24.375 121 987
24.425 121 1903
24.475 121 1485
24.525 121 1290
24.575 121 625
24.625 121 347
24.675 121 106
24.725 121 122
24.775 121 74
24.825 121 31
24.875 121 112
24.925 121 36
24.975 121 0
25.025 121 0
25.075 121 0
25.125 121 0
25.175 121 0
25.225 121 0
25.275 121 0
25.325 121 0
25.375 121 0
25.425 121 0
25.475 121 0
25.525 121 0
21.375 121.05 0
21.425 121.05 0
21.475 121.05 0
21.525 121.05 0
21.575 121.05 0
21.625 121.05 0
21.675 121.05 0
21.725 121.05 0
21.775 121.05 0
21.825 121.05 0
21.875 121.05 0
21.925 121.05 0
21.975 121.05 0
22.025 121.05 0
22.075 121.05 0
22.125 121.05 0
22.175 121.05 0
22.225 121.05 0
22.275 121.05 0
22.325 121.05 0
22.375 121.05 0
22.425 121.05 0
22.475 121.05 0
22.525 121.05 0
22.575 121.05 0
22.625 121.05 0
22.675 121.05 0
22.725 121.05 280
22.775 121.05 563
22.825 121.05 935
22.875 121.05 849
22.925 121.05 1472
22.975 121.05 781
23.025 121.05 1733
23.075 121.05 1488
23.125 121.05 1432
23.175 121.05 1980
23.225 121.05 2843
23.275 121.05 2749
23.325 121.05 2067
23.375 121.05 2357
23.425 121.05 2948
23.475 121.05 3608
23.525 121.05 3340
23.575 121.05 2757
23.625 121.05 2840
23.675 121.05 1905
23.725 121.05 1081
23.775 121.05 1341
23.825 121.05 1729
23.875 121.05 1319
23.925 121.05 868
23.975 121.05 1105
24.025 121.05 2060
24.075 121.05 1845
24.125 121.05 2033
24.175 121.05 2242
24.225 121.05 1620
24.275 121.05 2706
24.325 121.05 2507
24.375 121.05 2000
24.425 121.05 1835
24.475 121.05 2180
24.525 121.05 1333
24.575 121.05 1185
24.625 121.05 600
24.675 121.05 250
24.725 121.05 200
24.775 121.05 76
24.825 121.05 100
24.875 121.05 122
24.925 121.05 105
24.975 121.05 47
25.025 121.05 16
25.075 121.05 0
25.125 121.05 0
25.175 121.05 0
25.225 121.05 0
25.275 121.05 0
25.325 121.05 0
25.375 121.05 0
25.425 121.05 0
25.475 121.05 0
25.525 121.05 0
21.375 121.1 0
21.425 121.1 0
21.475 121.1 0
21.525 121.1 0
21.575 121.1 0
21.625 121.1 0
21.675 121.1 0
21.725 121.1 0
21.775 121.1 0
21.825 121.1 0
21.875 121.1 0
21.925 121.1 0
21.975 121.1 0
22.025 121.1 0
22.075 121.1 0
22.125 121.1 0
22.175 121.1 0
22.225 121.1 0
22.275 121.1 0
22.325 121.1 0
22.375 121.1 0
22.425 121.1 0
22.475 121.1 0
22.525 121.1 0
22.575 121.1 0
22.625 121.1 0
22.675 121.1 0
22.725 121.1 34
22.775 121.1 74
22.825 121.1 274
22.875 121.1 208
22.925 121.1 934
22.975 121.1 1348
23.025 121.1 1441
23.075 121.1 861
23.125 121.1 625
23.175 121.1 1489
23.225 121.1 2136
23.275 121.1 2361
23.325 121.1 2707
23.375 121.1 1711
23.425 121.1 2123
23.475 121.1 2720
23.525 121.1 3047
23.575 121.1 2755
23.625 121.1 3275
23.675 121.1 2240
23.725 121.1 1583
23.775 121.1 1484
23.825 121.1 3344
23.875 121.1 2224
23.925 121.1 1377
23.975 121.1 1372
24.025 121.1 1604
24.075 121.1 1762
24.125 121.1 2147
24.175 121.1 2992
24.225 121.1 1570
24.275 121.1 2429
24.325 121.1 3256
24.375 121.1 2631
24.425 121.1 1435
24.475 121.1 2235
24.525 121.1 1358
24.575 121.1 779
24.625 121.1 716
24.675 121.1 587
24.725 121.1 155
24.775 121.1 215
24.825 121.1 243
24.875 121.1 335
24.925 121.1 112
24.975 121.1 84
25.025 121.1 38
25.075 121.1 0
25.125 121.1 0
25.175 121.1 0
25.225 121.1 0
25.275 121.1 0
25.325 121.1 0
25.375 121.1 0
25.425 121.1 0
25.475 121.1 0
25.525 121.1 0
21.375 121.15 0
21.425 121.15 0
21.475 121.15 0
21.525 121.15 0
21.575 121.15 0
21.625 121.15 0
21.675 121.15 0
21.725 121.15 0
21.775 121.15 0
21.825 121.15 0
21.875 121.15 0
21.925 121.15 0
21.975 121.15 0
22.025 121.15 0
22.075 121.15 0
22.125 121.15 0
22.175 121.15 0
22.225 121.15 0
22.275 121.15 0
22.325 121.15 0
22.375 121.15 0
22.425 121.15 0
22.475 121.15 0
22.525 121.15 0
22.575 121.15 0
22.625 121.15 0
22.675 121.15 0
22.725 121.15 0
22.775 121.15 107
22.825 121.15 292
22.875 121.15 552
22.925 121.15 167
22.975 121.15 205
23.025 121.15 210
23.075 121.15 622
23.125 121.15 824
23.175 121.15 1748
23.225 121.15 1478
23.275 121.15 1809
23.325 121.15 1970
23.375 121.15 1322
23.425 121.15 2895
23.475 121.15 3410
23.525 121.15 2437
23.575 121.15 2866
23.625 121.15 2480
23.675 121.15 1469
23.725 121.15 2329
23.775 121.15 2350
23.825 121.15 2867
23.875 121.15 2561
23.925 121.15 1900
23.975 121.15 2092
24.025 121.15 1647
24.075 121.15 2221
24.125 121.15 1676
24.175 121.15 2211
24.225 121.15 2459
24.275 121.15 2662
24.325 121.15 3000
24.375 121.15 3124
24.425 121.15 2406
24.475 121.15 2018
24.525 121.15 1376
24.575 121.15 1738
24.625 121.15 1151
24.675 121.15 680
24.725 121.15 300
24.775 121.15 246
24.825 121.15 301
24.875 121.15 280
24.925 121.15 178
24.975 121.15 111
25.025 121.15 58
25.075 121.15 7
25.125 121.15 0
25.175 121.15 0
25.225 121.15 0
25.275 121.15 0
25.325 121.15 0
25.375 121.15 0
25.425 121.15 0
25.475 121.15 0
25.525 121.15 0
21.375 121.2 0
21.425 121.2 0
21.475 121.2 0
21.525 121.2 0
21.575 121.2 0
21.625 121.2 0
21.675 121.2 0
21.725 121.2 0
21.775 121.2 0
21.825 121.2 0
21.875 121.2 0
21.925 121.2 0
21.975 121.2 0
22.025 121.2 0
22.075 121.2 0
22.125 121.2 0
22.175 121.2 0
22.225 121.2 0
22.275 121.2 0
22.325 121.2 0
22.375 121.2 0
22.425 121.2 0
22.475 121.2 0
22.525 121.2 0
22.575 121.2 0
22.625 121.2 0
22.675 121.2 0
22.725 121.2 0
22.775 121.2 0
22.825 121.2 0
22.875 121.2 684
22.925 121.2 488
22.975 121.2 638
23.025 121.2 555
23.075 121.2 306
23.125 121.2 293
23.175 121.2 733
23.225 121.2 1225
23.275 121.2 1388
23.325 121.2 829
23.375 121.2 1388
23.425 121.2 2388
23.475 121.2 2059
23.525 121.2 2017
23.575 121.2 2793
23.625 121.2 2769
23.675 121.2 2647
23.725 121.2 2769
23.775 121.2 2873
23.825 121.2 2548
23.875 121.2 1718
23.925 121.2 1897
23.975 121.2 2252
24.025 121.2 1867
24.075 121.2 1715
24.125 121.2 1748
24.175 121.2 2218
24.225 121.2 2272
24.275 121.2 2186
24.325 121.2 3216
24.375 121.2 3521
24.425 121.2 2451
24.475 121.2 2426
24.525 121.2 2115
24.575 121.2 1996
24.625 121.2 1438
24.675 121.2 715
24.725 121.2 587
24.775 121.2 356
24.825 121.2 310
24.875 121.2 219
24.925 121.2 157
24.975 121.2 108
25.025 121.2 65
25.075 121.2 15
25.125 121.2 0
25.175 121.2 0
25.225 121.2 0
25.275 121.2 0
25.325 121.2 0
25.375 121.2 0
25.425 121.2 0
25.475 121.2 0
25.525 121.2 0
21.375 121.25 0
21.425 121.25 0
21.475 121.25 0
21.525 121.25 0
21.575 121.25 0
21.625 121.25 0
21.675 121.25 0
21.725 121.25 0
21.775 121.25 0
21.825 121.25 0
21.875 121.25 0
21.925 121.25 0
21.975 121.25 0
22.025 121.25 0
22.075 121.25 0
22.125 121.25 0
22.175 121.25 0
22.225 121.25 0
22.275 121.25 0
22.325 121.25 0
22.375 121.25 0
22.425 121.25 0
22.475 121.25 0
22.525 121.25 0
22.575 121.25 0
22.625 121.25 0
22.675 121.25 0
22.725 121.25 0
22.775 121.25 0
22.825 121.25 0
22.875 121.25 0
22.925 121.25 646
22.975 121.25 221
23.025 121.25 372
23.075 121.25 775
23.125 121.25 389
23.175 121.25 278
23.225 121.25 441
23.275 121.25 317
23.325 121.25 863
23.375 121.25 1347
23.425 121.25 860
23.475 121.25 974
23.525 121.25 1907
23.575 121.25 2177
23.625 121.25 2387
23.675 121.25 2058
23.725 121.25 2328
23.775 121.25 1759
23.825 121.25 2190
23.875 121.25 3011
23.925 121.25 2645
23.975 121.25 2936
24.025 121.25 2471
24.075 121.25 2117
24.125 121.25 3093
24.175 121.25 2894
24.225 121.25 1998
24.275 121.25 1796
24.325 121.25 2400
24.375 121.25 3161
24.425 121.25 3221
24.475 121.25 2511
24.525 121.25 2300
24.575 121.25 1440
24.625 121.25 1536
24.675 121.25 1324
24.725 121.25 863
24.775 121.25 500
24.825 121.25 145
24.875 121.25 191
24.925 121.25 158
24.975 121.25 101
25.025 121.25 64
25.075 121.25 25
25.125 121.25 0
25.175 121.25 0
25.225 121.25 0
25.275 121.25 0
25.325 121.25 0
25.375 121.25 0
25.425 121.25 0
25.475 121.25 0
25.525 121.25 0
21.375 121.3 0
21.425 121.3 0
21.475 121.3 0
21.525 121.3 0
21.575 121.3 0
21.625 121.3 0
21.675 121.3 0
21.725 121.3 0
21.775 121.3 0
21.825 121.3 0
21.875 121.3 0
21.925 121.3 0
21.975 121.3 0
22.025 121.3 0
22.075 121.3 0
22.125 121.3 0
22.175 121.3 0
22.225 121.3 0
22.275 121.3 0
22.325 121.3 0
22.375 121.3 0
22.425 121.3 0
22.475 121.3 0
22.525 121.3 0
22.575 121.3 0
22.625 121.3 0
22.675 121.3 0
22.725 121.3 0
22.775 121.3 0
22.825 121.3 0
22.875 121.3 0
22.925 121.3 0
22.975 121.3 95
23.025 121.3 487
23.075 121.3 950
23.125 121.3 1547
23.175 121.3 1115
23.225 121.3 879
23.275 121.3 147
23.325 121.3 169
23.375 121.3 394
23.425 121.3 704
23.475 121.3 727
23.525 121.3 1103
23.575 121.3 915
23.625 121.3 1872
23.675 121.3 1077
23.725 121.3 1460
23.775 121.3 1693
23.825 121.3 2082
23.875 121.3 1712
23.925 121.3 2639
23.975 121.3 2314
24.025 121.3 2515
24.075 121.3 3294
24.125 121.3 2619
24.175 121.3 2746
24.225 121.3 2460
24.275 121.3 2837
24.325 121.3 2090
24.375 121.3 2045
24.425 121.3 2910
24.475 121.3 2129
24.525 121.3 2250
24.575 121.3 1398
24.625 121.3 1573
24.675 121.3 1723
24.725 121.3 1328
24.775 121.3 668
24.825 121.3 400
24.875 121.3 126
24.925 121.3 138
24.975 121.3 98
25.025 121.3 157
25.075 121.3 136
25.125 121.3 0
25.175 121.3 0
25.225 121.3 0
25.275 121.3 0
25.325 121.3 0
25.375 121.3 0
25.425 121.3 0
25.475 121.3 0
25.525 121.3 0
21.375 121.35 0
21.425 121.35 0
21.475 121.35 0
21.525 121.35 0
21.575 121.35 0
21.625 121.35 0
21.675 121.35 0
21.725 121.35 0
21.775 121.35 0
21.825 121.35 0
21.875 121.35 0
21.925 121.35 0
21.975 121.35 0
22.025 121.35 0
22.075 121.35 0
22.125 121.35 0
22.175 121.35 0
22.225 121.35 0
22.275 121.35 0
22.325 121.35 0
22.375 121.35 0
22.425 121.35 0
22.475 121.35 0
22.525 121.35 0
22.575 121.35 0
22.625 121.35 0
22.675 121.35 0
22.725 121.35 0
22.775 121.35 0
22.825 121.35 0
22.875 121.35 0
22.925 121.35 0
22.975 121.35 0
23.025 121.35 0
23.075 121.35 0
23.125 121.35 300
23.175 121.35 782
23.225 121.35 901
23.275 121.35 618
23.325 121.35 592
23.375 121.35 214
23.425 121.35 109
23.475 121.35 161
23.525 121.35 396
23.575 121.35 446
23.625 121.35 981
23.675 121.35 722
23.725 121.35 710
23.775 121.35 1533
23.825 121.35 972
23.875 121.35 1323
23.925 121.35 2245
23.975 121.35 1424
24.025 121.35 1852
24.075 121.35 2613
24.125 121.35 2737
24.175 121.35 2767
24.225 121.35 3050
24.275 121.35 2802
24.325 121.35 2548
24.375 121.35 2207
24.425 121.35 1873
24.475 121.35 2425
24.525 121.35 1725
24.575 121.35 2071
24.625 121.35 2042
24.675 121.35 1240
24.725 121.35 1044
24.775 121.35 568
24.825 121.35 682
24.875 121.35 479
24.925 121.35 77
24.975 121.35 275
25.025 121.35 250
25.075 121.35 238
25.125 121.35 73
25.175 121.35 0
25.225 121.35 0
25.275 121.35 0
25.325 121.35 0
25.375 121.35 0
25.425 121.35 0
25.475 121.35 0
25.525 121.35 0
21.375 121.4 0
21.425 121.4 0
21.475 121.4 0
21.525 121.4 0
21.575 121.4 0
21.625 121.4 0
21.675 121.4 0
21.725 121.4 0
21.775 121.4 0
21.825 121.4 0
21.875 121.4 0
21.925 121.4 0
21.975 121.4 0
22.025 121.4 0
22.075 121.4 0
22.125 121.4 0
22.175 121.4 0
22.225 121.4 0
22.275 121.4 0
22.325 121.4 0
22.375 121.4 0
22.425 121.4 0
22.475 121.4 0
22.525 121.4 0
22.575 121.4 0
22.625 121.4 0
22.675 121.4 0
22.725 121.4 0
22.775 121.4 0
22.825 121.4 0
22.875 121.4 0
22.925 121.4 0
22.975 121.4 0
23.025 121.4 0
23.075 121.4 0
23.125 121.4 0
23.175 121.4 0
23.225 121.4 14
23.275 121.4 175
23.325 121.4 854
23.375 121.4 957
23.425 121.4 810
23.475 121.4 143
23.525 121.4 380
23.575 121.4 423
23.625 121.4 206
23.675 121.4 162
23.725 121.4 709
23.775 121.4 994
23.825 121.4 634
23.875 121.4 1442
23.925 121.4 1549
23.975 121.4 1409
24.025 121.4 1879
24.075 121.4 3240
24.125 121.4 1815
24.175 121.4 1967
24.225 121.4 2496
24.275 121.4 2694
24.325 121.4 2624
24.375 121.4 2975
24.425 121.4 1584
24.475 121.4 1173
24.525 121.4 1836
24.575 121.4 1994
24.625 121.4 1102
24.675 121.4 1092
24.725 121.4 1275
24.775 121.4 816
24.825 121.4 913
24.875 121.4 650
24.925 121.4 101
24.975 121.4 141
25.025 121.4 200
25.075 121.4 211
25.125 121.4 368
25.175 121.4 0
25.225 121.4 0
25.275 121.4 0
25.325 121.4 0
25.375 121.4 0
25.425 121.4 0
25.475 121.4 0
25.525 121.4 0
21.375 121.45 0
21.425 121.45 0
21.475 121.45 0
21.525 121.45 0
21.575 121.45 0
21.625 121.45 0
21.675 121.45 0
21.725 121.45 0
21.775 121.45 0
21.825 121.45 0
21.875 121.45 0
21.925 121.45 0
21.975 121.45 0
22.025 121.45 0
22.075 121.45 0
22.125 121.45 0
22.175 121.45 0
22.225 121.45 0
22.275 121.45 0
22.325 121.45 0
22.375 121.45 0
22.425 121.45 0
22.475 121.45 0
22.525 121.45 0
22.575 121.45 0
22.625 121.45 0
22.675 121.45 0
22.725 121.45 0
22.775 121.45 0
22.825 121.45 0
22.875 121.45 0
22.925 121.45 0
22.975 121.45 0
23.025 121.45 0
23.075 121.45 0
23.125 121.45 0
23.175 121.45 0
23.225 121.45 0
23.275 121.45 0
23.325 121.45 26
23.375 121.45 180
23.425 121.45 528
23.475 121.45 277
23.525 121.45 473
23.575 121.45 311
23.625 121.45 236
23.675 121.45 99
23.725 121.45 94
23.775 121.45 102
23.825 121.45 419
23.875 121.45 1022
23.925 121.45 1192
23.975 121.45 732
24.025 121.45 1845
24.075 121.45 2333
24.125 121.45 2319
24.175 121.45 1249
24.225 121.45 1436
24.275 121.45 2687
24.325 121.45 2989
24.375 121.45 2944
24.425 121.45 2379
24.475 121.45 1810
24.525 121.45 1180
24.575 121.45 1193
24.625 121.45 1359
24.675 121.45 1633
24.725 121.45 1394
24.775 121.45 1538
24.825 121.45 631
24.875 121.45 774
24.925 121.45 217
24.975 121.45 14
25.025 121.45 4
25.075 121.45 6
25.125 121.45 89
25.175 121.45 121
25.225 121.45 72
25.275 121.45 0
25.325 121.45 0
25.375 121.45 0
25.425 121.45 0
25.475 121.45 0
25.525 121.45 0
21.375 121.5 0
21.425 121.5 0
21.475 121.5 0
21.525 121.5 0
21.575 121.5 0
21.625 121.5 0
21.675 121.5 0
21.725 121.5 0
21.775 121.5 0
21.825 121.5 0
21.875 121.5 0
21.925 121.5 0
21.975 121.5 0
22.025 121.5 0
22.075 121.5 0
22.125 121.5 0
22.175 121.5 0
22.225 121.5 0
22.275 121.5 0
22.325 121.5 0
22.375 121.5 0
22.425 121.5 0
22.475 121.5 0
22.525 121.5 0
22.575 121.5 0
22.625 121.5 32.3
22.675 121.5 0
22.725 121.5 0
22.775 121.5 0
22.825 121.5 0
22.875 121.5 0
22.925 121.5 0
22.975 121.5 0
23.025 121.5 0
23.075 121.5 0
23.125 121.5 0
23.175 121.5 0
23.225 121.5 0
23.275 121.5 0
23.325 121.5 0
23.375 121.5 0
23.425 121.5 0
23.475 121.5 0
23.525 121.5 0
23.575 121.5 309
23.625 121.5 556
23.675 121.5 517
23.725 121.5 322
23.775 121.5 70
23.825 121.5 44
23.875 121.5 166
23.925 121.5 359
23.975 121.5 1325
24.025 121.5 1571
24.075 121.5 1200
24.125 121.5 2040
24.175 121.5 1100
24.225 121.5 1974
24.275 121.5 1773
24.325 121.5 2576
24.375 121.5 2031
24.425 121.5 1575
24.475 121.5 2229
24.525 121.5 1049
24.575 121.5 680
24.625 121.5 900
24.675 121.5 1749
24.725 121.5 1360
24.775 121.5 850
24.825 121.5 1023
24.875 121.5 532
24.925 121.5 421
24.975 121.5 20
25.025 121.5 7
25.075 121.5 2
25.125 121.5 199
25.175 121.5 870
25.225 121.5 211
25.275 121.5 48
25.325 121.5 0
25.375 121.5 0
25.425 121.5 0
25.475 121.5 0
25.525 121.5 0
21.375 121.55 0
21.425 121.55 0
21.475 121.55 0
21.525 121.55 0
21.575 121.55 0
21.625 121.55 0
21.675 121.55 0
21.725 121.55 0
21.775 121.55 0
21.825 121.55 0
21.875 121.55 0
21.925 121.55 0
21.975 121.55 0
22.025 121.55 280
22.075 121.55 0
22.125 121.55 0
22.175 121.55 0
22.225 121.55 0
22.275 121.55 0
22.325 121.55 0
22.375 121.55 0
22.425 121.55 0
22.475 121.55 0
22.525 121.55 0
22.575 121.55 0
22.625 121.55 0
22.675 121.55 0
22.725 121.55 0
22.775 121.55 0
22.825 121.55 0
22.875 121.55 0
22.925 121.55 0
22.975 121.55 0
23.025 121.55 0
23.075 121.55 0
23.125 121.55 0
23.175 121.55 0
23.225 121.55 0
23.275 121.55 0
23.325 121.55 0
23.375 121.55 0
23.425 121.55 0
23.475 121.55 0
23.525 121.55 0
23.575 121.55 0
23.625 121.55 0
23.675 121.55 0
23.725 121.55 0
23.775 121.55 91
23.825 121.55 478
23.875 121.55 42
23.925 121.55 49
23.975 121.55 68
24.025 121.55 1315
24.075 121.55 1112
24.125 121.55 2083
24.175 121.55 1619
24.225 121.55 2100
24.275 121.55 1884
24.325 121.55 1771
24.375 121.55 984
24.425 121.55 1759
24.475 121.55 1834
24.525 121.55 1738
24.575 121.55 1281
24.625 121.55 346
24.675 121.55 899
24.725 121.55 970
24.775 121.55 1233
24.825 121.55 917
24.875 121.55 710
24.925 121.55 298
24.975 121.55 57
25.025 121.55 8
25.075 121.55 100
25.125 121.55 513
25.175 121.55 636
25.225 121.55 655
25.275 121.55 89
25.325 121.55 0
25.375 121.55 0
25.425 121.55 0
25.475 121.55 0
25.525 121.55 0
21.375 121.6 0
21.425 121.6 0
21.475 121.6 0
21.525 121.6 0
21.575 121.6 0
21.625 121.6 0
21.675 121.6 0
21.725 121.6 0
21.775 121.6 0
21.825 121.6 0
21.875 121.6 0
21.925 121.6 0
21.975 121.6 0
22.025 121.6 0
22.075 121.6 0
22.125 121.6 0
22.175 121.6 0
22.225 121.6 0
22.275 121.6 0
22.325 121.6 0
22.375 121.6 0
22.425 121.6 0
22.475 121.6 0
22.525 121.6 0
22.575 121.6 0
22.625 121.6 0
22.675 121.6 0
22.725 121.6 0
22.775 121.6 0
22.825 121.6 0
22.875 121.6 0
22.925 121.6 0
22.975 121.6 0
23.025 121.6 0
23.075 121.6 0
23.125 121.6 0
23.175 121.6 0
23.225 121.6 0
23.275 121.6 0
23.325 121.6 0
23.375 121.6 0
23.425 121.6 0
23.475 121.6 0
23.525 121.6 0
23.575 121.6 0
23.625 121.6 0
23.675 121.6 0
23.725 121.6 0
23.775 121.6 0
23.825 121.6 0
23.875 121.6 0
23.925 121.6 0
23.975 121.6 34
24.025 121.6 22
24.075 121.6 217
24.125 121.6 1052
24.175 121.6 1500
24.225 121.6 1195
24.275 121.6 1906
24.325 121.6 1095
24.375 121.6 1005
24.425 121.6 941
24.475 121.6 1459
24.525 121.6 1713
24.575 121.6 1060
24.625 121.6 302
24.675 121.6 398
24.725 121.6 696
24.775 121.6 1192
24.825 121.6 955
24.875 121.6 419
24.925 121.6 437
24.975 121.6 183
25.025 121.6 99
25.075 121.6 100
25.125 121.6 605
25.175 121.6 526
25.225 121.6 289
25.275 121.6 0
25.325 121.6 0
25.375 121.6 0
25.425 121.6 0
25.475 121.6 0
25.525 121.6 0
21.375 121.65 0
21.425 121.65 0
21.475 121.65 0
21.525 121.65 0
21.575 121.65 0
21.625 121.65 0
21.675 121.65 0
21.725 121.65 0
21.775 121.65 0
21.825 121.65 0
21.875 121.65 0
21.925 121.65 0
21.975 121.65 0
22.025 121.65 0
22.075 121.65 0
22.125 121.65 0
22.175 121.65 0
22.225 121.65 0
22.275 121.65 0
22.325 121.65 0
22.375 121.65 0
22.425 121.65 0
22.475 121.65 0
22.525 121.65 0
22.575 121.65 0
22.625 121.65 0
22.675 121.65 0
22.725 121.65 0
22.775 121.65 0
22.825 121.65 0
22.875 121.65 0
22.925 121.65 0
22.975 121.65 0
23.025 121.65 0
23.075 121.65 0
23.125 121.65 0
23.175 121.65 0
23.225 121.65 0
23.275 121.65 0
23.325 121.65 0
23.375 121.65 0
23.425 121.65 0
23.475 121.65 0
23.525 121.65 0
23.575 121.65 0
23.625 121.65 0
23.675 121.65 0
23.725 121.65 0
23.775 121.65 0
23.825 121.65 0
23.875 121.65 0
23.925 121.65 0
23.975 121.65 0
24.025 121.65 0
24.075 121.65 0
24.125 121.65 0
24.175 121.65 0
24.225 121.65 1975
24.275 121.65 1626
24.325 121.65 687
24.375 121.65 1246
24.425 121.65 1200
24.475 121.65 1392
24.525 121.65 1186
24.575 121.65 805
24.625 121.65 591
24.675 121.65 77
24.725 121.65 524
24.775 121.65 498
24.825 121.65 765
24.875 121.65 473
24.925 121.65 355
24.975 121.65 255
25.025 121.65 452
25.075 121.65 100
25.125 121.65 255
25.175 121.65 329
25.225 121.65 0
25.275 121.65 0
25.325 121.65 0
25.375 121.65 0
25.425 121.65 0
25.475 121.65 0
25.525 121.65 0
21.375 121.7 0
21.425 121.7 0
21.475 121.7 0
21.525 121.7 0
21.575 121.7 0
21.625 121.7 0
21.675 121.7 0
21.725 121.7 0
21.775 121.7 0
21.825 121.7 0
21.875 121.7 0
21.925 121.7 0
21.975 121.7 0
22.025 121.7 0
22.075 121.7 0
22.125 121.7 0
22.175 121.7 0
22.225 121.7 0
22.275 121.7 0
22.325 121.7 0
22.375 121.7 0
22.425 121.7 0
22.475 121.7 0
22.525 121.7 0
22.575 121.7 0
22.625 121.7 0
22.675 121.7 0
22.725 121.7 0
22.775 121.7 0
22.825 121.7 0
22.875 121.7 0
22.925 121.7 0
22.975 121.7 0
23.025 121.7 0
23.075 121.7 0
23.125 121.7 0
23.175 121.7 0
23.225 121.7 0
23.275 121.7 0
23.325 121.7 0
23.375 121.7 0
23.425 121.7 0
23.475 121.7 0
23.525 121.7 0
23.575 121.7 0
23.625 121.7 0
23.675 121.7 0
23.725 121.7 0
23.775 121.7 0
23.825 121.7 0
23.875 121.7 0
23.925 121.7 0
23.975 121.7 0
24.025 121.7 0
24.075 121.7 0
24.125 121.7 0
24.175 121.7 0
24.225 121.7 0
24.275 121.7 1271
24.325 121.7 1048
24.375 121.7 1420
24.425 121.7 803
24.475 121.7 1602
24.525 121.7 889
24.575 121.7 585
24.625 121.7 90
24.675 121.7 38
24.725 121.7 18
24.775 121.7 350
24.825 121.7 1000
24.875 121.7 488
24.925 121.7 382
24.975 121.7 520
25.025 121.7 508
25.075 121.7 102
25.125 121.7 75
25.175 121.7 0
25.225 121.7 0
25.275 121.7 0
25.325 121.7 0
25.375 121.7 0
25.425 121.7 0
25.475 121.7 0
25.525 121.7 0
21.375 121.75 0
21.425 121.75 0
21.475 121.75 0
21.525 121.75 0
21.575 121.75 0
21.625 121.75 0
21.675 121.75 0
21.725 121.75 0
21.775 121.75 0
21.825 121.75 0
21.875 121.75 0
21.925 121.75 0
21.975 121.75 0
22.025 121.75 0
22.075 121.75 0
22.125 121.75 0
22.175 121.75 0
22.225 121.75 0
22.275 121.75 0
22.325 121.75 0
22.375 121.75 0
22.425 121.75 0
22.475 121.75 0
22.525 121.75 0
22.575 121.75 0
22.625 121.75 0
22.675 121.75 0
22.725 121.75 0
22.775 121.75 0
22.825 121.75 0
22.875 121.75 0
22.925 121.75 0
22.975 121.75 0
23.025 121.75 0
23.075 121.75 0
23.125 121.75 0
23.175 121.75 0
23.225 121.75 0
23.275 121.75 0
23.325 121.75 0
23.375 121.75 0
23.425 121.75 0
23.475 121.75 0
23.525 121.75 0
23.575 121.75 0
23.625 121.75 0
23.675 121.75 0
23.725 121.75 0
23.775 121.75 0
23.825 121.75 0
23.875 121.75 0
23.925 121.75 0
23.975 121.75 0
24.025 121.75 0
24.075 121.75 0
24.125 121.75 0
24.175 121.75 0
24.225 121.75 0
24.275 121.75 0
24.325 121.75 619
24.375 121.75 977
24.425 121.75 368
24.475 121.75 838
24.525 121.75 1300
24.575 121.75 722
24.625 121.75 27
24.675 121.75 8
24.725 121.75 7
24.775 121.75 12
24.825 121.75 554
24.875 121.75 669
24.925 121.75 878
24.975 121.75 462
25.025 121.75 303
25.075 121.75 285
25.125 121.75 72
25.175 121.75 0
25.225 121.75 0
25.275 121.75 0
25.325 121.75 0
25.375 121.75 0
25.425 121.75 0
25.475 121.75 0
25.525 121.75 0
21.375 121.8 0
21.425 121.8 0
21.475 121.8 0
21.525 121.8 0
21.575 121.8 0
21.625 121.8 0
21.675 121.8 0
21.725 121.8 0
21.775 121.8 0
21.825 121.8 0
21.875 121.8 0
21.925 121.8 0
21.975 121.8 0
22.025 121.8 0
22.075 121.8 0
22.125 121.8 0
22.175 121.8 0
22.225 121.8 0
22.275 121.8 0
22.325 121.8 0
22.375 121.8 0
22.425 121.8 0
22.475 121.8 0
22.525 121.8 0
22.575 121.8 0
22.625 121.8 0
22.675 121.8 0
22.725 121.8 0
22.775 121.8 0
22.825 121.8 0
22.875 121.8 0
22.925 121.8 0
22.975 121.8 0
23.025 121.8 0
23.075 121.8 0
23.125 121.8 0
23.175 121.8 0
23.225 121.8 0
23.275 121.8 0
23.325 121.8 0
23.375 121.8 0
23.425 121.8 0
23.475 121.8 0
23.525 121.8 0
23.575 121.8 0
23.625 121.8 0
23.675 121.8 0
23.725 121.8 0
23.775 121.8 0
23.825 121.8 0
23.875 121.8 0
23.925 121.8 0
23.975 121.8 0
24.025 121.8 0
24.075 121.8 0
24.125 121.8 0
24.175 121.8 0
24.225 121.8 0
24.275 121.8 0
24.325 121.8 0
24.375 121.8 0
24.425 121.8 0
24.475 121.8 783
24.525 121.8 614
24.575 121.8 394
24.625 121.8 4
24.675 121.8 4
24.725 121.8 5
24.775 121.8 10
24.825 121.8 6
24.875 121.8 557
24.925 121.8 512
24.975 121.8 487
25.025 121.8 353
25.075 121.8 348
25.125 121.8 25
25.175 121.8 0
25.225 121.8 0
25.275 121.8 0
25.325 121.8 0
25.375 121.8 0
25.425 121.8 0
25.475 121.8 0
25.525 121.8 0
21.375 121.85 0
21.425 121.85 0
21.475 121.85 0
21.525 121.85 0
21.575 121.85 0
21.625 121.85 0
21.675 121.85 0
21.725 121.85 0
21.775 121.85 0
21.825 121.85 0
21.875 121.85 0
21.925 121.85 0
21.975 121.85 0
22.025 121.85 0
22.075 121.85 0
22.125 121.85 0
22.175 121.85 0
22.225 121.85 0
22.275 121.85 0
22.325 121.85 0
22.375 121.85 0
22.425 121.85 0
22.475 121.85 0
22.525 121.85 0
22.575 121.85 0
22.625 121.85 0
22.675 121.85 0
22.725 121.85 0
22.775 121.85 0
22.825 121.85 0
22.875 121.85 0
22.925 121.85 0
22.975 121.85 0
23.025 121.85 0
23.075 121.85 0
23.125 121.85 0
23.175 121.85 0
23.225 121.85 0
23.275 121.85 0
23.325 121.85 0
23.375 121.85 0
23.425 121.85 0
23.475 121.85 0
23.525 121.85 0
23.575 121.85 0
23.625 121.85 0
23.675 121.85 0
23.725 121.85 0
23.775 121.85 0
23.825 121.85 0
23.875 121.85 0
23.925 121.85 0
23.975 121.85 0
24.025 121.85 0
24.075 121.85 0
24.125 121.85 0
24.175 121.85 0
24.225 121.85 0
24.275 121.85 0
24.325 121.85 0
24.375 121.85 0
24.425 121.85 0
24.475 121.85 0
24.525 121.85 0
24.575 121.85 30
24.625 121.85 0
24.675 121.85 0
24.725 121.85 0
24.775 121.85 0
24.825 121.85 0
24.875 121.85 0
24.925 121.85 600
24.975 121.85 413
25.025 121.85 148
25.075 121.85 597
25.125 121.85 0
25.175 121.85 0
25.225 121.85 0
25.275 121.85 0
25.325 121.85 0
25.375 121.85 0
25.425 121.85 0
25.475 121.85 0
25.525 121.85 0
21.375 121.9 0
21.425 121.9 0
21.475 121.9 0
21.525 121.9 0
21.575 121.9 0
21.625 121.9 0
21.675 121.9 0
21.725 121.9 0
21.775 121.9 0
21.825 121.9 0
21.875 121.9 0
21.925 121.9 0
21.975 121.9 0
22.025 121.9 0
22.075 121.9 0
22.125 121.9 0
22.175 121.9 0
22.225 121.9 0
22.275 121.9 0
22.325 121.9 0
22.375 121.9 0
22.425 121.9 0
22.475 121.9 0
22.525 121.9 0
22.575 121.9 0
22.625 121.9 0
22.675 121.9 0
22.725 121.9 0
22.775 121.9 0
22.825 121.9 0
22.875 121.9 0
22.925 121.9 0
22.975 121.9 0
23.025 121.9 0
23.075 121.9 0
23.125 121.9 0
23.175 121.9 0
23.225 121.9 0
23.275 121.9 0
23.325 121.9 0
23.375 121.9 0
23.425 121.9 0
23.475 121.9 0
23.525 121.9 0
23.575 121.9 0
23.625 121.9 0
23.675 121.9 0
23.725 121.9 0
23.775 121.9 0
23.825 121.9 0
23.875 121.9 0
23.925 121.9 0
23.975 121.9 0
24.025 121.9 0
24.075 121.9 0
24.125 121.9 0
24.175 121.9 0
24.225 121.9 0
24.275 121.9 0
24.325 121.9 0
24.375 121.9 0
24.425 121.9 0
24.475 121.9 0
24.525 121.9 0
24.575 121.9 0
24.625 121.9 0
24.675 121.9 0
24.725 121.9 0
24.775 121.9 0
24.825 121.9 0
24.875 121.9 0
24.925 121.9 0
24.975 121.9 400
25.025 121.9 170
25.075 121.9 157
25.125 121.9 0
25.175 121.9 0
25.225 121.9 0
25.275 121.9 0
25.325 121.9 0
25.375 121.9 0
25.425 121.9 0
25.475 121.9 0
25.525 121.9 0
21.375 121.95 0
21.425 121.95 0
21.475 121.95 0
21.525 121.95 0
21.575 121.95 0
21.625 121.95 0
21.675 121.95 0
21.725 121.95 0
21.775 121.95 0
21.825 121.95 0
21.875 121.95 0
21.925 121.95 0
21.975 121.95 0
22.025 121.95 0
22.075 121.95 0
22.125 121.95 0
22.175 121.95 0
22.225 121.95 0
22.275 121.95 0
22.325 121.95 0
22.375 121.95 0
22.425 121.95 0
22.475 121.95 0
22.525 121.95 0
22.575 121.95 0
22.625 121.95 0
22.675 121.95 0
22.725 121.95 0
22.775 121.95 0
22.825 121.95 0
22.875 121.95 0
22.925 121.95 0
22.975 121.95 0
23.025 121.95 0
23.075 121.95 0
23.125 121.95 0
23.175 121.95 0
23.225 121.95 0
23.275 121.95 0
23.325 121.95 0
23.375 121.95 0
23.425 121.95 0
23.475 121.95 0
23.525 121.95 0
23.575 121.95 0
23.625 121.95 0
23.675 121.95 0
23.725 121.95 0
23.775 121.95 0
23.825 121.95 0
23.875 121.95 0
23.925 121.95 0
23.975 121.95 0
24.025 121.95 0
24.075 121.95 0
24.125 121.95 0
24.175 121.95 0
24.225 121.95 0
24.275 121.95 0
24.325 121.95 0
24.375 121.95 0
24.425 121.95 0
24.475 121.95 0
24.525 121.95 0
24.575 121.95 0
24.625 121.95 0
24.675 121.95 0
24.725 121.95 0
24.775 121.95 0
24.825 121.95 0
24.875 121.95 0
24.925 121.95 0
24.975 121.95 0
25.025 121.95 0
25.075 121.95 0
25.125 121.95 0
25.175 121.95 0
25.225 121.95 0
25.275 121.95 0
25.325 121.95 0
25.375 121.95 0
25.425 121.95 0
25.475 121.95 0
25.525 121.95 0
21.375 122 0
21.425 122 0
21.475 122 0
21.525 122 0
21.575 122 0
21.625 122 0
21.675 122 0
21.725 122 0
21.775 122 0
21.825 122 0
21.875 122 0
21.925 122 0
21.975 122 0
22.025 122 0
22.075 122 0
22.125 122 0
22.175 122 0
22.225 122 0
22.275 122 0
22.325 122 0
22.375 122 0
22.425 122 0
22.475 122 0
22.525 122 0
22.575 122 0
22.625 122 0
22.675 122 0
22.725 122 0
22.775 122 0
22.825 122 0
22.875 122 0
22.925 122 0
22.975 122 0
23.025 122 0
23.075 122 0
23.125 122 0
23.175 122 0
23.225 122 0
23.275 122 0
23.325 122 0
23.375 122 0
23.425 122 0
23.475 122 0
23.525 122 0
23.575 122 0
23.625 122 0
23.675 122 0
23.725 122 0
23.775 122 0
23.825 122 0
23.875 122 0
23.925 122 0
23.975 122 0
24.025 122 0
24.075 122 0
24.125 122 0
24.175 122 0
24.225 122 0
24.275 122 0
24.325 122 0
24.375 122 0
24.425 122 0
24.475 122 0
24.525 122 0
24.575 122 0
24.625 122 0
24.675 122 0
24.725 122 0
24.775 122 0
24.825 122 0
24.875 122 0
24.925 122 0
24.975 122 0
25.025 122 0
25.075 122 0
25.125 122 0
25.175 122 0
25.225 122 0
25.275 122 0
25.325 122 0
25.375 122 0
25.425 122 0
25.475 122 0
25.525 122 0
21.375 122.05 0
21.425 122.05 0
21.475 122.05 0
21.525 122.05 0
21.575 122.05 0
21.625 122.05 0
21.675 122.05 0
21.725 122.05 0
21.775 122.05 0
21.825 122.05 0
21.875 122.05 0
21.925 122.05 0
21.975 122.05 0
22.025 122.05 0
22.075 122.05 0
22.125 122.05 0
22.175 122.05 0
22.225 122.05 0
22.275 122.05 0
22.325 122.05 0
22.375 122.05 0
22.425 122.05 0
22.475 122.05 0
22.525 122.05 0
22.575 122.05 0
22.625 122.05 0
22.675 122.05 0
22.725 122.05 0
22.775 122.05 0
22.825 122.05 0
22.875 122.05 0
22.925 122.05 0
22.975 122.05 0
23.025 122.05 0
23.075 122.05 0
23.125 122.05 0
23.175 122.05 0
23.225 122.05 0
23.275 122.05 0
23.325 122.05 0
23.375 122.05 0
23.425 122.05 0
23.475 122.05 0
23.525 122.05 0
23.575 122.05 0
23.625 122.05 0
23.675 122.05 0
23.725 122.05 0
23.775 122.05 0
23.825 122.05 0
23.875 122.05 0
23.925 122.05 0
23.975 122.05 0
24.025 122.05 0
24.075 122.05 0
24.125 122.05 0
24.175 122.05 0
24.225 122.05 0
24.275 122.05 0
24.325 122.05 0
24.375 122.05 0
24.425 122.05 0
24.475 122.05 0
24.525 122.05 0
24.575 122.05 0
24.625 122.05 0
24.675 122.05 0
24.725 122.05 0
24.775 122.05 0
24.825 122.05 0
24.875 122.05 0
24.925 122.05 0
24.975 122.05 0
25.025 122.05 0
25.075 122.05 0
25.125 122.05 0
25.175 122.05 0
25.225 122.05 0
25.275 122.05 0
25.325 122.05 0
25.375 122.05 0
25.425 122.05 0
25.475 122.05 0
25.525 122.05 0
21.375 122.1 0
21.425 122.1 0
21.475 122.1 0
21.525 122.1 0
21.575 122.1 0
21.625 122.1 0
21.675 122.1 0
21.725 122.1 0
21.775 122.1 0
21.825 122.1 0
21.875 122.1 0
21.925 122.1 0
21.975 122.1 0
22.025 122.1 0
22.075 122.1 0
22.125 122.1 0
22.175 122.1 0
22.225 122.1 0
22.275 122.1 0
22.325 122.1 0
22.375 122.1 0
22.425 122.1 0
22.475 122.1 0
22.525 122.1 0
22.575 122.1 0
22.625 122.1 0
22.675 122.1 0
22.725 122.1 0
22.775 122.1 0
22.825 122.1 0
22.875 122.1 0
22.925 122.1 0
22.975 122.1 0
23.025 122.1 0
23.075 122.1 0
23.125 122.1 0
23.175 122.1 0
23.225 122.1 0
23.275 122.1 0
23.325 122.1 0
23.375 122.1 0
23.425 122.1 0
23.475 122.1 0
23.525 122.1 0
23.575 122.1 0
23.625 122.1 0
23.675 122.1 0
23.725 122.1 0
23.775 122.1 0
23.825 122.1 0
23.875 122.1 0
23.925 122.1 0
23.975 122.1 0
24.025 122.1 0
24.075 122.1 0
24.125 122.1 0
24.175 122.1 0
24.225 122.1 0
24.275 122.1 0
24.325 122.1 0
24.375 122.1 0
24.425 122.1 0
24.475 122.1 0
24.525 122.1 0
24.575 122.1 0
24.625 122.1 0
24.675 122.1 0
24.725 122.1 0
24.775 122.1 0
24.825 122.1 0
24.875 122.1 0
24.925 122.1 0
24.975 122.1 0
25.025 122.1 0
25.075 122.1 0
25.125 122.1 0
25.175 122.1 0
25.225 122.1 0
25.275 122.1 0
25.325 122.1 0
25.375 122.1 0
25.425 122.1 0
25.475 122.1 0
25.525 122.1 0
21.375 122.15 0
21.425 122.15 0
21.475 122.15 0
21.525 122.15 0
21.575 122.15 0
21.625 122.15 0
21.675 122.15 0
21.725 122.15 0
21.775 122.15 0
21.825 122.15 0
21.875 122.15 0
21.925 122.15 0
21.975 122.15 0
22.025 122.15 0
22.075 122.15 0
22.125 122.15 0
22.175 122.15 0
22.225 122.15 0
22.275 122.15 0
22.325 122.15 0
22.375 122.15 0
22.425 122.15 0
22.475 122.15 0
22.525 122.15 0
22.575 122.15 0
22.625 122.15 0
22.675 122.15 0
22.725 122.15 0
22.775 122.15 0
22.825 122.15 0
22.875 122.15 0
22.925 122.15 0
22.975 122.15 0
23.025 122.15 0
23.075 122.15 0
23.125 122.15 0
23.175 122.15 0
23.225 122.15 0
23.275 122.15 0
23.325 122.15 0
23.375 122.15 0
23.425 122.15 0
23.475 122.15 0
23.525 122.15 0
23.575 122.15 0
23.625 122.15 0
23.675 122.15 0
23.725 122.15 0
23.775 122.15 0
23.825 122.15 0
23.875 122.15 0
23.925 122.15 0
23.975 122.15 0
24.025 122.15 0
24.075 122.15 0
24.125 122.15 0
24.175 122.15 0
24.225 122.15 0
24.275 122.15 0
24.325 122.15 0
24.375 122.15 0
24.425 122.15 0
24.475 122.15 0
24.525 122.15 0
24.575 122.15 0
24.625 122.15 0
24.675 122.15 0
24.725 122.15 0
24.775 122.15 0
24.825 122.15 0
24.875 122.15 0
24.925 122.15 0
24.975 122.15 0
25.025 122.15 0
25.075 122.15 0
25.125 122.15 0
25.175 122.15 0
25.225 122.15 0
25.275 122.15 0
25.325 122.15 0
25.375 122.15 0
25.425 122.15 0
25.475 122.15 0
25.525 122.15 0
21.375 122.2 0
21.425 122.2 0
21.475 122.2 0
21.525 122.2 0
21.575 122.2 0
21.625 122.2 0
21.675 122.2 0
21.725 122.2 0
21.775 122.2 0
21.825 122.2 0
21.875 122.2 0
21.925 122.2 0
21.975 122.2 0
22.025 122.2 0
22.075 122.2 0
22.125 122.2 0
22.175 122.2 0
22.225 122.2 0
22.275 122.2 0
22.325 122.2 0
22.375 122.2 0
22.425 122.2 0
22.475 122.2 0
22.525 122.2 0
22.575 122.2 0
22.625 122.2 0
22.675 122.2 0
22.725 122.2 0
22.775 122.2 0
22.825 122.2 0
22.875 122.2 0
22.925 122.2 0
22.975 122.2 0
23.025 122.2 0
23.075 122.2 0
23.125 122.2 0
23.175 122.2 0
23.225 122.2 0
23.275 122.2 0
23.325 122.2 0
23.375 122.2 0
23.425 122.2 0
23.475 122.2 0
23.525 122.2 0
23.575 122.2 0
23.625 122.2 0
23.675 122.2 0
23.725 122.2 0
23.775 122.2 0
23.825 122.2 0
23.875 122.2 0
23.925 122.2 0
23.975 122.2 0
24.025 122.2 0
24.075 122.2 0
24.125 122.2 0
24.175 122.2 0
24.225 122.2 0
24.275 122.2 0
24.325 122.2 0
24.375 122.2 0
24.425 122.2 0
24.475 122.2 0
24.525 122.2 0
24.575 122.2 0
24.625 122.2 0
24.675 122.2 0
24.725 122.2 0
24.775 122.2 0
24.825 122.2 0
24.875 122.2 0
24.925 122.2 0
24.975 122.2 0
25.025 122.2 0
25.075 122.2 0
25.125 122.2 0
25.175 122.2 0
25.225 122.2 0
25.275 122.2 0
25.325 122.2 0
25.375 122.2 0
25.425 122.2 0
25.475 122.2 0
25.525 122.2 0
21.375 122.25 0
21.425 122.25 0
21.475 122.25 0
21.525 122.25 0
21.575 122.25 0
21.625 122.25 0
21.675 122.25 0
21.725 122.25 0
21.775 122.25 0
21.825 122.25 0
21.875 122.25 0
21.925 122.25 0
21.975 122.25 0
22.025 122.25 0
22.075 122.25 0
22.125 122.25 0
22.175 122.25 0
22.225 122.25 0
22.275 122.25 0
22.325 122.25 0
22.375 122.25 0
22.425 122.25 0
22.475 122.25 0
22.525 122.25 0
22.575 122.25 0
22.625 122.25 0
22.675 122.25 0
22.725 122.25 0
22.775 122.25 0
22.825 122.25 0
22.875 122.25 0
22.925 122.25 0
22.975 122.25 0
23.025 122.25 0
23.075 122.25 0
23.125 122.25 0
23.175 122.25 0
23.225 122.25 0
23.275 122.25 0
23.325 122.25 0
23.375 122.25 0
23.425 122.25 0
23.475 122.25 0
23.525 122.25 0
23.575 122.25 0
23.625 122.25 0
23.675 122.25 0
23.725 122.25 0
23.775 122.25 0
23.825 122.25 0
23.875 122.25 0
23.925 122.25 0
23.975 122.25 0
24.025 122.25 0
24.075 122.25 0
24.125 122.25 0
24.175 122.25 0
24.225 122.25 0
24.275 122.25 0
24.325 122.25 0
24.375 122.25 0
24.425 122.25 0
24.475 122.25 0
24.525 122.25 0
24.575 122.25 0
24.625 122.25 0
24.675 122.25 0
24.725 122.25 0
24.775 122.25 0
24.825 122.25 0
24.875 122.25 0
24.925 122.25 0
24.975 122.25 0
25.025 122.25 0
25.075 122.25 0
25.125 122.25 0
25.175 122.25 0
25.225 122.25 0
25.275 122.25 0
25.325 122.25 0
25.375 122.25 0
25.425 122.25 0
25.475 122.25 0
25.525 122.25 0
21.375 122.3 0
21.425 122.3 0
21.475 122.3 0
21.525 122.3 0
21.575 122.3 0
21.625 122.3 0
21.675 122.3 0
21.725 122.3 0
21.775 122.3 0
21.825 122.3 0
21.875 122.3 0
21.925 122.3 0
21.975 122.3 0
22.025 122.3 0
22.075 122.3 0
22.125 122.3 0
22.175 122.3 0
22.225 122.3 0
22.275 122.3 0
22.325 122.3 0
22.375 122.3 0
22.425 122.3 0
22.475 122.3 0
22.525 122.3 0
22.575 122.3 0
22.625 122.3 0
22.675 122.3 0
22.725 122.3 0
22.775 122.3 0
22.825 122.3 0
22.875 122.3 0
22.925 122.3 0
22.975 122.3 0
23.025 122.3 0
23.075 122.3 0
23.125 122.3 0
23.175 122.3 0
23.225 122.3 0
23.275 122.3 0
23.325 122.3 0
23.375 122.3 0
23.425 122.3 0
23.475 122.3 0
23.525 122.3 0
23.575 122.3 0
23.625 122.3 0
23.675 122.3 0
23.725 122.3 0
23.775 122.3 0
23.825 122.3 0
23.875 122.3 0
23.925 122.3 0
23.975 122.3 0
24.025 122.3 0
24.075 122.3 0
24.125 122.3 0
24.175 122.3 0
24.225 122.3 0
24.275 122.3 0
24.325 122.3 0
24.375 122.3 0
24.425 122.3 0
24.475 122.3 0
24.525 122.3 0
24.575 122.3 0
24.625 122.3 0
24.675 122.3 0
24.725 122.3 0
24.775 122.3 0
24.825 122.3 0
24.875 122.3 0
24.925 122.3 0
24.975 122.3 0
25.025 122.3 0
25.075 122.3 0
25.125 122.3 0
25.175 122.3 0
25.225 122.3 0
25.275 122.3 0
25.325 122.3 0
25.375 122.3 0
25.425 122.3 0
25.475 122.3 0
25.525 122.3 0
21.375 122.35 0
21.425 122.35 0
21.475 122.35 0
21.525 122.35 0
21.575 122.35 0
21.625 122.35 0
21.675 122.35 0
21.725 122.35 0
21.775 122.35 0
21.825 122.35 0
21.875 122.35 0
21.925 122.35 0
21.975 122.35 0
22.025 122.35 0
22.075 122.35 0
22.125 122.35 0
22.175 122.35 0
22.225 122.35 0
22.275 122.35 0
22.325 122.35 0
22.375 122.35 0
22.425 122.35 0
22.475 122.35 0
22.525 122.35 0
22.575 122.35 0
22.625 122.35 0
22.675 122.35 0
22.725 122.35 0
22.775 122.35 0
22.825 122.35 0
22.875 122.35 0
22.925 122.35 0
22.975 122.35 0
23.025 122.35 0
23.075 122.35 0
23.125 122.35 0
23.175 122.35 0
23.225 122.35 0
23.275 122.35 0
23.325 122.35 0
23.375 122.35 0
23.425 122.35 0
23.475 122.35 0
23.525 122.35 0
23.575 122.35 0
23.625 122.35 0
23.675 122.35 0
23.725 122.35 0
23.775 122.35 0
23.825 122.35 0
23.875 122.35 0
23.925 122.35 0
23.975 122.35 0
24.025 122.35 0
24.075 122.35 0
24.125 122.35 0
24.175 122.35 0
24.225 122.35 0
24.275 122.35 0
24.325 122.35 0
24.375 122.35 0
24.425 122.35 0
24.475 122.35 0
24.525 122.35 0
24.575 122.35 0
24.625 122.35 0
24.675 122.35 0
24.725 122.35 0
24.775 122.35 0
24.825 122.35 0
24.875 122.35 0
24.925 122.35 0
24.975 122.35 0
25.025 122.35 0
25.075 122.35 0
25.125 122.35 0
25.175 122.35 0
25.225 122.35 0
25.275 122.35 0
25.325 122.35 0
25.375 122.35 0
25.425 122.35 0
25.475 122.35 0
25.525 122.35 0
21.375 122.4 0
21.425 122.4 0
21.475 122.4 0
21.525 122.4 0
21.575 122.4 0
21.625 122.4 0
21.675 122.4 0
21.725 122.4 0
21.775 122.4 0
21.825 122.4 0
21.875 122.4 0
21.925 122.4 0
21.975 122.4 0
22.025 122.4 0
22.075 122.4 0
22.125 122.4 0
22.175 122.4 0
22.225 122.4 0
22.275 122.4 0
22.325 122.4 0
22.375 122.4 0
22.425 122.4 0
22.475 122.4 0
22.525 122.4 0
22.575 122.4 0
22.625 122.4 0
22.675 122.4 0
22.725 122.4 0
22.775 122.4 0
22.825 122.4 0
22.875 122.4 0
22.925 122.4 0
22.975 122.4 0
23.025 122.4 0
23.075 122.4 0
23.125 122.4 0
23.175 122.4 0
23.225 122.4 0
23.275 122.4 0
23.325 122.4 0
23.375 122.4 0
23.425 122.4 0
23.475 122.4 0
23.525 122.4 0
23.575 122.4 0
23.625 122.4 0
23.675 122.4 0
23.725 122.4 0
23.775 122.4 0
23.825 122.4 0
23.875 122.4 0
23.925 122.4 0
23.975 122.4 0
24.025 122.4 0
24.075 122.4 0
24.125 122.4 0
24.175 122.4 0
24.225 122.4 0
24.275 122.4 0
24.325 122.4 0
24.375 122.4 0
24.425 122.4 0
24.475 122.4 0
24.525 122.4 0
24.575 122.4 0
24.625 122.4 0
24.675 122.4 0
24.725 122.4 0
24.775 122.4 0
24.825 122.4 0
24.875 122.4 0
24.925 122.4 0
24.975 122.4 0
25.025 122.4 0
25.075 122.4 0
25.125 122.4 0
25.175 122.4 0
25.225 122.4 0
25.275 122.4 0
25.325 122.4 0
25.375 122.4 0
25.425 122.4 0
25.475 122.4 0
25.525 122.4 0
21.375 122.45 0
21.425 122.45 0
21.475 122.45 0
21.525 122.45 0
21.575 122.45 0
21.625 122.45 0
21.675 122.45 0
21.725 122.45 0
21.775 122.45 0
21.825 122.45 0
21.875 122.45 0
21.925 122.45 0
21.975 122.45 0
22.025 122.45 0
22.075 122.45 0
22.125 122.45 0
22.175 122.45 0
22.225 122.45 0
22.275 122.45 0
22.325 122.45 0
22.375 122.45 0
22.425 122.45 0
22.475 122.45 0
22.525 122.45 0
22.575 122.45 0
22.625 122.45 0
22.675 122.45 0
22.725 122.45 0
22.775 122.45 0
22.825 122.45 0
22.875 122.45 0
22.925 122.45 0
22.975 122.45 0
23.025 122.45 0
23.075 122.45 0
23.125 122.45 0
23.175 122.45 0
23.225 122.45 0
23.275 122.45 0
23.325 122.45 0
23.375 122.45 0
23.425 122.45 0
23.475 122.45 0
23.525 122.45 0
23.575 122.45 0
23.625 122.45 0
23.675 122.45 0
23.725 122.45 0
23.775 122.45 0
23.825 122.45 0
23.875 122.45 0
23.925 122.45 0
23.975 122.45 0
24.025 122.45 0
24.075 122.45 0
24.125 122.45 0
24.175 122.45 0
24.225 122.45 0
24.275 122.45 0
24.325 122.45 0
24.375 122.45 0
24.425 122.45 0
24.475 122.45 0
24.525 122.45 0
24.575 122.45 0
24.625 122.45 0
24.675 122.45 0
24.725 122.45 0
24.775 122.45 0
24.825 122.45 0
24.875 122.45 0
24.925 122.45 0
24.975 122.45 0
25.025 122.45 0
25.075 122.45 0
25.125 122.45 0
25.175 122.45 0
25.225 122.45 0
25.275 122.45 0
25.325 122.45 0
25.375 122.45 0
25.425 122.45 0
25.475 122.45 0
25.525 122.45 0
21.375 122.5 0
21.425 122.5 0
21.475 122.5 0
21.525 122.5 0
21.575 122.5 0
21.625 122.5 0
21.675 122.5 0
21.725 122.5 0
21.775 122.5 0
21.825 122.5 0
21.875 122.5 0
21.925 122.5 0
21.975 122.5 0
22.025 122.5 0
22.075 122.5 0
22.125 122.5 0
22.175 122.5 0
22.225 122.5 0
22.275 122.5 0
22.325 122.5 0
22.375 122.5 0
22.425 122.5 0
22.475 122.5 0
22.525 122.5 0
22.575 122.5 0
22.625 122.5 0
22.675 122.5 0
22.725 122.5 0
22.775 122.5 0
22.825 122.5 0
22.875 122.5 0
22.925 122.5 0
22.975 122.5 0
23.025 122.5 0
23.075 122.5 0
23.125 122.5 0
23.175 122.5 0
23.225 122.5 0
23.275 122.5 0
23.325 122.5 0
23.375 122.5 0
23.425 122.5 0
23.475 122.5 0
23.525 122.5 0
23.575 122.5 0
23.625 122.5 0
23.675 122.5 0
23.725 122.5 0
23.775 122.5 0
23.825 122.5 0
23.875 122.5 0
23.925 122.5 0
23.975 122.5 0
24.025 122.5 0
24.075 122.5 0
24.125 122.5 0
24.175 122.5 0
24.225 122.5 0
24.275 122.5 0
24.325 122.5 0
24.375 122.5 0
24.425 122.5 0
24.475 122.5 0
24.525 122.5 0
24.575 122.5 0
24.625 122.5 0
24.675 122.5 0
24.725 122.5 0
24.775 122.5 0
24.825 122.5 0
24.875 122.5 0
24.925 122.5 0
24.975 122.5 0
25.025 122.5 0
25.075 122.5 0
25.125 122.5 0
25.175 122.5 0
25.225 122.5 0
25.275 122.5 0
25.325 122.5 0
25.375 122.5 0
25.425 122.5 0
25.475 122.5 0
25.525 122.5 0
21.375 122.55 0
21.425 122.55 0
21.475 122.55 0
21.525 122.55 0
21.575 122.55 0
21.625 122.55 0
21.675 122.55 0
21.725 122.55 0
21.775 122.55 0
21.825 122.55 0
21.875 122.55 0
21.925 122.55 0
21.975 122.55 0
22.025 122.55 0
22.075 122.55 0
22.125 122.55 0
22.175 122.55 0
22.225 122.55 0
22.275 122.55 0
22.325 122.55 0
22.375 122.55 0
22.425 122.55 0
22.475 122.55 0
22.525 122.55 0
22.575 122.55 0
22.625 122.55 0
22.675 122.55 0
22.725 122.55 0
22.775 122.55 0
22.825 122.55 0
22.875 122.55 0
22.925 122.55 0
22.975 122.55 0
23.025 122.55 0
23.075 122.55 0
23.125 122.55 0
23.175 122.55 0
23.225 122.55 0
23.275 122.55 0
23.325 122.55 0
23.375 122.55 0
23.425 122.55 0
23.475 122.55 0
23.525 122.55 0
23.575 122.55 0
23.625 122.55 0
23.675 122.55 0
23.725 122.55 0
23.775 122.55 0
23.825 122.55 0
23.875 122.55 0
23.925 122.55 0
23.975 122.55 0
24.025 122.55 0
24.075 122.55 0
24.125 122.55 0
24.175 122.55 0
24.225 122.55 0
24.275 122.55 0
24.325 122.55 0
24.375 122.55 0
24.425 122.55 0
24.475 122.55 0
24.525 122.55 0
24.575 122.55 0
24.625 122.55 0
24.675 122.55 0
24.725 122.55 0
24.775 122.55 0
24.825 122.55 0
24.875 122.55 0
24.925 122.55 0
24.975 122.55 0
25.025 122.55 0
25.075 122.55 0
25.125 122.55 0
25.175 122.55 0
25.225 122.55 0
25.275 122.55 0
25.325 122.55 0
25.375 122.55 0
25.425 122.55 0
25.475 122.55 0
25.525 122.55 0
21.375 122.6 0
21.425 122.6 0
21.475 122.6 0
21.525 122.6 0
21.575 122.6 0
21.625 122.6 0
21.675 122.6 0
21.725 122.6 0
21.775 122.6 0
21.825 122.6 0
21.875 122.6 0
21.925 122.6 0
21.975 122.6 0
22.025 122.6 0
22.075 122.6 0
22.125 122.6 0
22.175 122.6 0
22.225 122.6 0
22.275 122.6 0
22.325 122.6 0
22.375 122.6 0
22.425 122.6 0
22.475 122.6 0
22.525 122.6 0
22.575 122.6 0
22.625 122.6 0
22.675 122.6 0
22.725 122.6 0
22.775 122.6 0
22.825 122.6 0
22.875 122.6 0
22.925 122.6 0
22.975 122.6 0
23.025 122.6 0
23.075 122.6 0
23.125 122.6 0
23.175 122.6 0
23.225 122.6 0
23.275 122.6 0
23.325 122.6 0
23.375 122.6 0
23.425 122.6 0
23.475 122.6 0
23.525 122.6 0
23.575 122.6 0
23.625 122.6 0
23.675 122.6 0
23.725 122.6 0
23.775 122.6 0
23.825 122.6 0
23.875 122.6 0
23.925 122.6 0
23.975 122.6 0
24.025 122.6 0
24.075 122.6 0
24.125 122.6 0
24.175 122.6 0
24.225 122.6 0
24.275 122.6 0
24.325 122.6 0
24.375 122.6 0
24.425 122.6 0
24.475 122.6 0
24.525 122.6 0
24.575 122.6 0
24.625 122.6 0
24.675 122.6 0
24.725 122.6 0
24.775 122.6 0
24.825 122.6 0
24.875 122.6 0
24.925 122.6 0
24.975 122.6 0
25.025 122.6 0
25.075 122.6 0
25.125 122.6 0
25.175 122.6 0
25.225 122.6 0
25.275 122.6 0
25.325 122.6 0
25.375 122.6 0
25.425 122.6 0
25.475 122.6 0
25.525 122.6 0
21.375 122.65 0
21.425 122.65 0
21.475 122.65 0
21.525 122.65 0
21.575 122.65 0
21.625 122.65 0
21.675 122.65 0
21.725 122.65 0
21.775 122.65 0
21.825 122.65 0
21.875 122.65 0
21.925 122.65 0
21.975 122.65 0
22.025 122.65 0
22.075 122.65 0
22.125 122.65 0
22.175 122.65 0
22.225 122.65 0
22.275 122.65 0
22.325 122.65 0
22.375 122.65 0
22.425 122.65 0
22.475 122.65 0
22.525 122.65 0
22.575 122.65 0
22.625 122.65 0
22.675 122.65 0
22.725 122.65 0
22.775 122.65 0
22.825 122.65 0
22.875 122.65 0
22.925 122.65 0
22.975 122.65 0
23.025 122.65 0
23.075 122.65 0
23.125 122.65 0
23.175 122.65 0
23.225 122.65 0
23.275 122.65 0
23.325 122.65 0
23.375 122.65 0
23.425 122.65 0
23.475 122.65 0
23.525 122.65 0
23.575 122.65 0
23.625 122.65 0
23.675 122.65 0
23.725 122.65 0
23.775 122.65 0
23.825 122.65 0
23.875 122.65 0
23.925 122.65 0
23.975 122.65 0
24.025 122.65 0
24.075 122.65 0
24.125 122.65 0
24.175 122.65 0
24.225 122.65 0
24.275 122.65 0
24.325 122.65 0
24.375 122.65 0
24.425 122.65 0
24.475 122.65 0
24.525 122.65 0
24.575 122.65 0
24.625 122.65 0
24.675 122.65 0
24.725 122.65 0
24.775 122.65 0
24.825 122.65 0
24.875 122.65 0
24.925 122.65 0
24.975 122.65 0
25.025 122.65 0
25.075 122.65 0
25.125 122.65 0
25.175 122.65 0
25.225 122.65 0
25.275 122.65 0
25.325 122.65 0
25.375 122.65 0
25.425 122.65 0
25.475 122.65 0
25.525 122.65 0
21.375 122.7 0
21.425 122.7 0
21.475 122.7 0
21.525 122.7 0
21.575 122.7 0
21.625 122.7 0
21.675 122.7 0
21.725 122.7 0
21.775 122.7 0
21.825 122.7 0
21.875 122.7 0
21.925 122.7 0
21.975 122.7 0
22.025 122.7 0
22.075 122.7 0
22.125 122.7 0
22.175 122.7 0
22.225 122.7 0
22.275 122.7 0
22.325 122.7 0
22.375 122.7 0
22.425 122.7 0
22.475 122.7 0
22.525 122.7 0
22.575 122.7 0
22.625 122.7 0
22.675 122.7 0
22.725 122.7 0
22.775 122.7 0
22.825 122.7 0
22.875 122.7 0
22.925 122.7 0
22.975 122.7 0
23.025 122.7 0
23.075 122.7 0
23.125 122.7 0
23.175 122.7 0
23.225 122.7 0
23.275 122.7 0
23.325 122.7 0
23.375 122.7 0
23.425 122.7 0
23.475 122.7 0
23.525 122.7 0
23.575 122.7 0
23.625 122.7 0
23.675 122.7 0
23.725 122.7 0
23.775 122.7 0
23.825 122.7 0
23.875 122.7 0
23.925 122.7 0
23.975 122.7 0
24.025 122.7 0
24.075 122.7 0
24.125 122.7 0
24.175 122.7 0
24.225 122.7 0
24.275 122.7 0
24.325 122.7 0
24.375 122.7 0
24.425 122.7 0
24.475 122.7 0
24.525 122.7 0
24.575 122.7 0
24.625 122.7 0
24.675 122.7 0
24.725 122.7 0
24.775 122.7 0
24.825 122.7 0
24.875 122.7 0
24.925 122.7 0
24.975 122.7 0
25.025 122.7 0
25.075 122.7 0
25.125 122.7 0
25.175 122.7 0
25.225 122.7 0
25.275 122.7 0
25.325 122.7 0
25.375 122.7 0
25.425 122.7 0
25.475 122.7 0
25.525 122.7 0
21.375 122.75 0
21.425 122.75 0
21.475 122.75 0
21.525 122.75 0
21.575 122.75 0
21.625 122.75 0
21.675 122.75 0
21.725 122.75 0
21.775 122.75 0
21.825 122.75 0
21.875 122.75 0
21.925 122.75 0
21.975 122.75 0
22.025 122.75 0
22.075 122.75 0
22.125 122.75 0
22.175 122.75 0
22.225 122.75 0
22.275 122.75 0
22.325 122.75 0
22.375 122.75 0
22.425 122.75 0
22.475 122.75 0
22.525 122.75 0
22.575 122.75 0
22.625 122.75 0
22.675 122.75 0
22.725 122.75 0
22.775 122.75 0
22.825 122.75 0
22.875 122.75 0
22.925 122.75 0
22.975 122.75 0
23.025 122.75 0
23.075 122.75 0
23.125 122.75 0
23.175 122.75 0
23.225 122.75 0
23.275 122.75 0
23.325 122.75 0
23.375 122.75 0
23.425 122.75 0
23.475 122.75 0
23.525 122.75 0
23.575 122.75 0
23.625 122.75 0
23.675 122.75 0
23.725 122.75 0
23.775 122.75 0
23.825 122.75 0
23.875 122.75 0
23.925 122.75 0
23.975 122.75 0
24.025 122.75 0
24.075 122.75 0
24.125 122.75 0
24.175 122.75 0
24.225 122.75 0
24.275 122.75 0
24.325 122.75 0
24.375 122.75 0
24.425 122.75 0
24.475 122.75 0
24.525 122.75 0
24.575 122.75 0
24.625 122.75 0
24.675 122.75 0
24.725 122.75 0
24.775 122.75 0
24.825 122.75 0
24.875 122.75 0
24.925 122.75 0
24.975 122.75 0
25.025 122.75 0
25.075 122.75 0
25.125 122.75 0
25.175 122.75 0
25.225 122.75 0
25.275 122.75 0
25.325 122.75 0
25.375 122.75 0
25.425 122.75 0
25.475 122.75 0
25.525 122.75 0
21.375 122.8 0
21.425 122.8 0
21.475 122.8 0
21.525 122.8 0
21.575 122.8 0
21.625 122.8 0
21.675 122.8 0
21.725 122.8 0
21.775 122.8 0
21.825 122.8 0
21.875 122.8 0
21.925 122.8 0
21.975 122.8 0
22.025 122.8 0
22.075 122.8 0
22.125 122.8 0
22.175 122.8 0
22.225 122.8 0
22.275 122.8 0
22.325 122.8 0
22.375 122.8 0
22.425 122.8 0
22.475 122.8 0
22.525 122.8 0
22.575 122.8 0
22.625 122.8 0
22.675 122.8 0
22.725 122.8 0
22.775 122.8 0
22.825 122.8 0
22.875 122.8 0
22.925 122.8 0
22.975 122.8 0
23.025 122.8 0
23.075 122.8 0
23.125 122.8 0
23.175 122.8 0
23.225 122.8 0
23.275 122.8 0
23.325 122.8 0
23.375 122.8 0
23.425 122.8 0
23.475 122.8 0
23.525 122.8 0
23.575 122.8 0
23.625 122.8 0
23.675 122.8 0
23.725 122.8 0
23.775 122.8 0
23.825 122.8 0
23.875 122.8 0
23.925 122.8 0
23.975 122.8 0
24.025 122.8 0
24.075 122.8 0
24.125 122.8 0
24.175 122.8 0
24.225 122.8 0
24.275 122.8 0
24.325 122.8 0
24.375 122.8 0
24.425 122.8 0
24.475 122.8 0
24.525 122.8 0
24.575 122.8 0
24.625 122.8 0
24.675 122.8 0
24.725 122.8 0
24.775 122.8 0
24.825 122.8 0
24.875 122.8 0
24.925 122.8 0
24.975 122.8 0
25.025 122.8 0
25.075 122.8 0
25.125 122.8 0
25.175 122.8 0
25.225 122.8 0
25.275 122.8 0
25.325 122.8 0
25.375 122.8 0
25.425 122.8 0
25.475 122.8 0
25.525 122.8 0
21.375 122.85 0
21.425 122.85 0
21.475 122.85 0
21.525 122.85 0
21.575 122.85 0
21.625 122.85 0
21.675 122.85 0
21.725 122.85 0
21.775 122.85 0
21.825 122.85 0
21.875 122.85 0
21.925 122.85 0
21.975 122.85 0
22.025 122.85 0
22.075 122.85 0
22.125 122.85 0
22.175 122.85 0
22.225 122.85 0
22.275 122.85 0
22.325 122.85 0
22.375 122.85 0
22.425 122.85 0
22.475 122.85 0
22.525 122.85 0
22.575 122.85 0
22.625 122.85 0
22.675 122.85 0
22.725 122.85 0
22.775 122.85 0
22.825 122.85 0
22.875 122.85 0
22.925 122.85 0
22.975 122.85 0
23.025 122.85 0
23.075 122.85 0
23.125 122.85 0
23.175 122.85 0
23.225 122.85 0
23.275 122.85 0
23.325 122.85 0
23.375 122.85 0
23.425 122.85 0
23.475 122.85 0
23.525 122.85 0
23.575 122.85 0
23.625 122.85 0
23.675 122.85 0
23.725 122.85 0
23.775 122.85 0
23.825 122.85 0
23.875 122.85 0
23.925 122.85 0
23.975 122.85 0
24.025 122.85 0
24.075 122.85 0
24.125 122.85 0
24.175 122.85 0
24.225 122.85 0
24.275 122.85 0
24.325 122.85 0
24.375 122.85 0
24.425 122.85 0
24.475 122.85 0
24.525 122.85 0
24.575 122.85 0
24.625 122.85 0
24.675 122.85 0
24.725 122.85 0
24.775 122.85 0
24.825 122.85 0
24.875 122.85 0
24.925 122.85 0
24.975 122.85 0
25.025 122.85 0
25.075 122.85 0
25.125 122.85 0
25.175 122.85 0
25.225 122.85 0
25.275 122.85 0
25.325 122.85 0
25.375 122.85 0
25.425 122.85 0
25.475 122.85 0
25.525 122.85 0
21.375 122.9 0
21.425 122.9 0
21.475 122.9 0
21.525 122.9 0
21.575 122.9 0
21.625 122.9 0
21.675 122.9 0
21.725 122.9 0
21.775 122.9 0
21.825 122.9 0
21.875 122.9 0
21.925 122.9 0
21.975 122.9 0
22.025 122.9 0
22.075 122.9 0
22.125 122.9 0
22.175 122.9 0
22.225 122.9 0
22.275 122.9 0
22.325 122.9 0
22.375 122.9 0
22.425 122.9 0
22.475 122.9 0
22.525 122.9 0
22.575 122.9 0
22.625 122.9 0
22.675 122.9 0
22.725 122.9 0
22.775 122.9 0
22.825 122.9 0
22.875 122.9 0
22.925 122.9 0
22.975 122.9 0
23.025 122.9 0
23.075 122.9 0
23.125 122.9 0
23.175 122.9 0
23.225 122.9 0
23.275 122.9 0
23.325 122.9 0
23.375 122.9 0
23.425 122.9 0
23.475 122.9 0
23.525 122.9 0
23.575 122.9 0
23.625 122.9 0
23.675 122.9 0
23.725 122.9 0
23.775 122.9 0
23.825 122.9 0
23.875 122.9 0
23.925 122.9 0
23.975 122.9 0
24.025 122.9 0
24.075 122.9 0
24.125 122.9 0
24.175 122.9 0
24.225 122.9 0
24.275 122.9 0
24.325 122.9 0
24.375 122.9 0
24.425 122.9 0
24.475 122.9 0
24.525 122.9 0
24.575 122.9 0
24.625 122.9 0
24.675 122.9 0
24.725 122.9 0
24.775 122.9 0
24.825 122.9 0
24.875 122.9 0
24.925 122.9 0
24.975 122.9 0
25.025 122.9 0
25.075 122.9 0
25.125 122.9 0
25.175 122.9 0
25.225 122.9 0
25.275 122.9 0
25.325 122.9 0
25.375 122.9 0
25.425 122.9 0
25.475 122.9 0
25.525 122.9 0
21.375 122.95 0
21.425 122.95 0
21.475 122.95 0
21.525 122.95 0
21.575 122.95 0
21.625 122.95 0
21.675 122.95 0
21.725 122.95 0
21.775 122.95 0
21.825 122.95 0
21.875 122.95 0
21.925 122.95 0
21.975 122.95 0
22.025 122.95 0
22.075 122.95 0
22.125 122.95 0
22.175 122.95 0
22.225 122.95 0
22.275 122.95 0
22.325 122.95 0
22.375 122.95 0
22.425 122.95 0
22.475 122.95 0
22.525 122.95 0
22.575 122.95 0
22.625 122.95 0
22.675 122.95 0
22.725 122.95 0
22.775 122.95 0
22.825 122.95 0
22.875 122.95 0
22.925 122.95 0
22.975 122.95 0
23.025 122.95 0
23.075 122.95 0
23.125 122.95 0
23.175 122.95 0
23.225 122.95 0
23.275 122.95 0
23.325 122.95 0
23.375 122.95 0
23.425 122.95 0
23.475 122.95 0
23.525 122.95 0
23.575 122.95 0
23.625 122.95 0
23.675 122.95 0
23.725 122.95 0
23.775 122.95 0
23.825 122.95 0
23.875 122.95 0
23.925 122.95 0
23.975 122.95 0
24.025 122.95 0
24.075 122.95 0
24.125 122.95 0
24.175 122.95 0
24.225 122.95 0
24.275 122.95 0
24.325 122.95 0
24.375 122.95 0
24.425 122.95 0
24.475 122.95 0
24.525 122.95 0
24.575 122.95 0
24.625 122.95 0
24.675 122.95 0
24.725 122.95 0
24.775 122.95 0
24.825 122.95 0
24.875 122.95 0
24.925 122.95 0
24.975 122.95 0
25.025 122.95 0
25.075 122.95 0
25.125 122.95 0
25.175 122.95 0
25.225 122.95 0
25.275 122.95 0
25.325 122.95 0
25.375 122.95 0
25.425 122.95 0
25.475 122.95 0
25.525 122.95 0
21.375 123 0
21.425 123 0
21.475 123 0
21.525 123 0
21.575 123 0
21.625 123 0
21.675 123 0
21.725 123 0
21.775 123 0
21.825 123 0
21.875 123 0
21.925 123 0
21.975 123 0
22.025 123 0
22.075 123 0
22.125 123 0
22.175 123 0
22.225 123 0
22.275 123 0
22.325 123 0
22.375 123 0
22.425 123 0
22.475 123 0
22.525 123 0
22.575 123 0
22.625 123 0
22.675 123 0
22.725 123 0
22.775 123 0
22.825 123 0
22.875 123 0
22.925 123 0
22.975 123 0
23.025 123 0
23.075 123 0
23.125 123 0
23.175 123 0
23.225 123 0
23.275 123 0
23.325 123 0
23.375 123 0
23.425 123 0
23.475 123 0
23.525 123 0
23.575 123 0
23.625 123 0
23.675 123 0
23.725 123 0
23.775 123 0
23.825 123 0
23.875 123 0
23.925 123 0
23.975 123 0
24.025 123 0
24.075 123 0
24.125 123 0
24.175 123 0
24.225 123 0
24.275 123 0
24.325 123 0
24.375 123 0
24.425 123 0
24.475 123 0
24.525 123 0
24.575 123 0
24.625 123 0
24.675 123 0
24.725 123 0
24.775 123 0
24.825 123 0
24.875 123 0
24.925 123 0
24.975 123 0
25.025 123 0
25.075 123 0
25.125 123 0
25.175 123 0
25.225 123 0
25.275 123 0
25.325 123 0
25.375 123 0
25.425 123 0
25.475 123 0
25.525 123 0
